id,participant,classtype,subjectwise,trialwise
98,5024622d-5268-4cac-8c73-724834a5bd05,DemoExperiment,"{'date': '2019_12_17', 'time': '18_23_17', 'age': '26', 'gender': 'female', 'feedback': 'no', 'initial_strategy': 'Who got the most questions right.', 'final_strategy': 'What the locals thought on average/', 'instructions_duration': 501555, 'task_duration': 211215, 'engaging': '7', 'difficult': '7', 'pol_orient': '2', 'token': '4VYGDOYAPG'}","{'rand_cond_order': [2, 1, 3], 'rand_res_stored': [[1, 1, 0], [1, 1, 1], [0, 0, 1]], 'responses': ['64.99999999994', 11.020408163265307, '61.36363636358', 41.63265306122449, '64.99999999994', 11.020408163265307, '64.99999999994', 12.244897959183675, '21.36363636362', 60, '28.63636363634', 60, '21.36363636362', 72.24489795918367, '60.45454545449', 69.79591836734694, '72.27272727266', 62.44897959183674, '66.81818181812', 60], 'rand_pos_candidate': [1, 0]}"
99,69f8d14b-055c-4dd2-8053-202fb93a985e,DemoExperiment,"{'date': '2019_12_17', 'time': '18_59_09', 'age': '36', 'gender': 'female', 'feedback': 'No comment.', 'initial_strategy': 'I based it on how they performed on the tests.', 'final_strategy': 'I looked at how they performed on the tests and how the voters viewed them after the debates.', 'instructions_duration': 249714, 'task_duration': 216561, 'engaging': '5', 'difficult': '2', 'pol_orient': '4', 'token': '3VP14HCG21'}","{'rand_cond_order': [2, 1, 3], 'rand_res_stored': [[1, 1, 0], [1, 1, 1], [0, 1, 0]], 'responses': ['64.99999999994', 11.020408163265307, '68.6363636363', 29.387755102040817, '26.81818181816', 35.51020408163265, '34.09090909088', 20.816326530612244, '13.18181818181', 55.10204081632653, '13.18181818181', 34.285714285714285, '59.5454545454', 17.142857142857142, '54.99999999995', 26.93877551020408], 'rand_pos_candidate': [1, 0]}"
100,1a181e7a-69f7-49bf-8fcc-2142f3d419f9,DemoExperiment,"{'date': '2019_12_17', 'time': '19_14_59', 'age': '40', 'gender': 'female', 'feedback': ""The last one was trickier for me. It's hard to predict things like this with no real political data"", 'initial_strategy': 'I went with the popular vote, but left room for change. ', 'final_strategy': 'I did alter my view when needed, but never to the other candidates side, just tweaking.', 'instructions_duration': 630141, 'task_duration': 257183, 'engaging': '8', 'difficult': '5', 'pol_orient': '2', 'token': 'LHH5KI69TJ'}","{'rand_cond_order': [2, 1, 3], 'rand_res_stored': [[0, 1, 1], [1, 1, 1], [1, 0, 0]], 'responses': ['64.99999999994', 11.020408163265307, '75.90909090902', 71.0204081632653, '64.99999999994', 11.020408163265307, '64.99999999994', 12.244897959183675, '64.99999999994', 11.020408163265307, '64.99999999994', 12.244897959183675, '24.99999999998', 90.61224489795919, '29.54545454543', 80.81632653061224, '5', 120, '5.90909090909', 116.3265306122449, '43.18181818178', 12.244897959183675, '44.99999999996', 8.571428571428571], 'rand_pos_candidate': [1, 0]}"
101,a1e45d26-e908-42d8-8c46-070e726773aa,DemoExperiment,"{'date': '2019_12_17', 'time': '19_22_58', 'age': '28', 'gender': 'male', 'feedback': 'no', 'initial_strategy': 'I chose based on who did better on the tests', 'final_strategy': 'I chose based mainly on what the locals said on top of the test results', 'instructions_duration': 478909, 'task_duration': 155816, 'engaging': '5', 'difficult': '2', 'pol_orient': '4', 'token': '3OKFIKMZIR'}","{'rand_cond_order': [1, 3, 2], 'rand_res_stored': [[1, 1, 1], [0, 0, 1], [1, 0, 1]], 'responses': ['64.99999999994', 11.020408163265307, '50.4545454545', 11.020408163265307, '64.99999999994', 11.020408163265307, '64.99999999994', 12.244897959183675, '64.99999999994', 11.020408163265307, '64.99999999994', 12.244897959183675, '76.81818181811', 57.55102040816327, '54.99999999995', 37.95918367346939, '80.45454545447', 68.57142857142857, '83.18181818174', 72.24489795918367, '50.4545454545', 60, '49.54545454541', 60], 'rand_pos_candidate': [1, 0]}"
102,ebeeb262-2d2f-4ea2-90b2-c745527ef83a,DemoExperiment,"{'date': '2019_12_17', 'time': '19_23_57', 'age': '25', 'gender': 'male', 'feedback': 'No', 'initial_strategy': 'I trust my gut', 'final_strategy': 'Trust my gut', 'instructions_duration': 1268936, 'task_duration': 87456, 'engaging': '9', 'difficult': '9', 'pol_orient': '6', 'token': '6SQFOV39EA'}","{'rand_cond_order': [1, 3, 2], 'rand_res_stored': [[1, 1, 1], [0, 1, 0], [1, 0, 1]], 'responses': ['64.99999999994', 11.020408163265307, '40.45454545451', 79.59183673469389, '64.99999999994', 11.020408163265307, '64.99999999994', 12.244897959183675, '64.99999999994', 11.020408163265307, '64.99999999994', 12.244897959183675, '64.99999999994', 11.020408163265307, '64.99999999994', 12.244897959183675, '64.99999999994', 11.020408163265307, '64.99999999994', 12.244897959183675, '64.99999999994', 11.020408163265307, '64.99999999994', 12.244897959183675, '64.99999999994', 11.020408163265307, '64.99999999994', 12.244897959183675, '64.99999999994', 11.020408163265307, '64.99999999994', 12.244897959183675, '64.99999999994', 11.020408163265307, '64.99999999994', 12.244897959183675, '64.99999999994', 11.020408163265307, '64.99999999994', 12.244897959183675, '68.6363636363', 61.224489795918366, '37.72727272724', 69.79591836734694, '57.72727272722', 63.673469387755105, '34.09090909088', 82.04081632653062, '61.36363636358', 51.42857142857143, '51.36363636359', 84.48979591836735], 'rand_pos_candidate': [1, 0]}"
103,9a2f9d94-6fd1-4a81-b780-826b2c04e948,DemoExperiment,"{'date': '2019_12_17', 'time': '16_59_11', 'age': '27', 'gender': 'male', 'feedback': 'no', 'initial_strategy': 'Favor went to the candidate that won 2/3 of the initial screening tests', 'final_strategy': 'Keeping the initial favor in mind, confidence was either slight increased or slight decreased based on the 2 voters opinons.', 'instructions_duration': 295602, 'task_duration': 287099, 'engaging': '8', 'difficult': '4', 'pol_orient': '4', 'token': 'T7YF5P5YV5'}","{'rand_cond_order': [3, 2, 1], 'rand_res_stored': [[1, 0, 0], [1, 1, 0], [1, 1, 1]], 'responses': ['64.99999999994', 11.020408163265307, '68.6363636363', 20.816326530612244, '64.99999999994', 11.020408163265307, '64.99999999994', 12.244897959183675, '56.81818181813', 14.693877551020408, '67.72727272721', 28.16326530612245, '45.90909090905', 9.795918367346939, '49.54545454541', 4.8979591836734695, '13.18181818181', 57.55102040816327, '19.54545454544', 45.30612244897959], 'rand_pos_candidate': [1, 0]}"
104,1243d30b-3643-4fb3-bcb9-ab478f067088,DemoExperiment,"{'date': '2019_12_17', 'time': '19_02_37', 'age': '30', 'gender': 'male', 'feedback': 'No', 'initial_strategy': 'Just rough math based on initial tests', 'final_strategy': 'Added in citizen opinions', 'instructions_duration': 321798, 'task_duration': 172745, 'engaging': '7', 'difficult': '2', 'pol_orient': '2', 'token': 'FHQDHQU43H'}","{'rand_cond_order': [1, 3, 2], 'rand_res_stored': [[0, 0, 0], [1, 1, 0], [0, 0, 1]], 'responses': ['64.99999999994', 11.020408163265307, '59.5454545454', 23.26530612244898, '64.99999999994', 11.020408163265307, '64.99999999994', 12.244897959183675, '64.99999999994', 11.020408163265307, '64.99999999994', 12.244897959183675, '5', 101.63265306122449, '18.63636363635', 33.06122448979592, '66.81818181812', 48.9795918367347, '72.27272727266', 63.673469387755105, '34.09090909088', 40.40816326530612, '44.09090909087', 57.55102040816327], 'rand_pos_candidate': [0, 1]}"
105,1924381d-9f1d-45ad-bd7c-62ff7f72d7f3,DemoExperiment,"{'date': '2019_12_17', 'time': '20_53_46', 'age': '30', 'gender': 'male', 'feedback': 'Instructions were a little convoluted. ', 'initial_strategy': 'I recommended whoever did better on the first three initial tests.', 'final_strategy': 'I used the information from the two interviews with voters to adjust my initial recommendation. ', 'instructions_duration': 648021, 'task_duration': 705753, 'engaging': '7', 'difficult': '7', 'pol_orient': '3', 'token': 'WPA6XIWZPW'}","{'rand_cond_order': [2, 3, 1], 'rand_res_stored': [[0, 1, 1], [0, 1, 0], [1, 1, 1]], 'responses': ['64.99999999994', 11.020408163265307, '54.99999999995', 4.8979591836734695, '64.99999999994', 11.020408163265307, '64.99999999994', 12.244897959183675, '64.99999999994', 11.020408163265307, '64.99999999994', 12.244897959183675, '64.99999999994', 11.020408163265307, '64.99999999994', 12.244897959183675, '64.99999999994', 11.020408163265307, '64.99999999994', 12.244897959183675, '26.81818181816', 17.142857142857142, '29.54545454543', 11.020408163265307, '68.6363636363', 47.755102040816325, '64.09090909085', 35.51020408163265, '13.18181818181', 78.36734693877551, '26.81818181816', 47.755102040816325], 'rand_pos_candidate': [1, 0]}"
106,bc95dd9b-256d-49ad-bf05-098ec1ef0c0d,DemoExperiment,"{'date': '2019_12_18', 'time': '19_25_24', 'age': '31', 'gender': 'male', 'feedback': 'This survey pays less than the minimum wage than my local area.', 'initial_strategy': 'I used my intuition.', 'final_strategy': 'I looked at the locals and used my intuition again.', 'instructions_duration': 563602, 'task_duration': 95624, 'engaging': '10', 'difficult': '7', 'pol_orient': '1', 'token': 'JOSGV7H022'}","{'rand_cond_order': [2, 3, 1], 'rand_res_stored': [[0, 0, 1], [0, 1, 1], [0, 0, 0]], 'responses': ['64.99999999994', 11.020408163265307, '73.18181818175', 48.9795918367347, '64.99999999994', 11.020408163265307, '64.99999999994', 12.244897959183675, '26.81818181816', 40.40816326530612, '23.1818181818', 56.3265306122449, '75.90909090902', 37.95918367346939, '81.36363636356', 50.204081632653065, '5', 69.79591836734694, '18.63636363635', 64.89795918367346], 'rand_pos_candidate': [0, 1]}"
107,2900aeab-61d2-4960-90fa-55deea87cdf9,DemoExperiment,"{'date': '2019_12_18', 'time': '18_27_47', 'age': '41', 'gender': 'female', 'feedback': ""This was a strange and interesting experiment. I hadn't before considered that canidates may be analytically chosen like this. "", 'initial_strategy': 'Yes, I looked at what information was provided and if they performed better on the three separate tests. If they did best out of 3, I leaned toward that candidate. ', 'final_strategy': 'Yes, I took into consideration the information and opinions provided by the local citizens who attended the town hall meetings. ', 'instructions_duration': 384627, 'task_duration': 399007, 'engaging': '8', 'difficult': '9', 'pol_orient': '1', 'token': 'O8UQOD7GZC'}","{'rand_cond_order': [2, 1, 3], 'rand_res_stored': [[1, 0, 1], [1, 1, 1], [0, 1, 0]], 'responses': ['64.99999999994', 11.020408163265307, '64.99999999994', 60, '26.81818181816', 58.775510204081634, '31.36363636361', 35.51020408163265, '12.27272727272', 90.61224489795919, '44.99999999996', 56.3265306122449, '64.09090909085', 35.51020408163265, '56.81818181813', 47.755102040816325], 'rand_pos_candidate': [1, 0]}"
108,21e34522-6421-4a96-b3b1-09ff4793e289,DemoExperiment,"{'date': '2019_12_18', 'time': '19_40_34', 'age': '37', 'gender': 'male', 'feedback': 'n/a', 'initial_strategy': 'It was pretty straightforward. I preferred the candidate that did better on the tests.', 'final_strategy': 'I tried to adjust my preferences based on the results of the interviews.', 'instructions_duration': 226156, 'task_duration': 257177, 'engaging': '4', 'difficult': '6', 'pol_orient': '1', 'token': 'YXC2HYIRAI'}","{'rand_cond_order': [1, 2, 3], 'rand_res_stored': [[0, 0, 0], [1, 0, 0], [1, 1, 0]], 'responses': ['64.99999999994', 11.020408163265307, '67.72727272721', 20.816326530612244, '64.99999999994', 11.020408163265307, '64.99999999994', 12.244897959183675, '43.18181818178', 36.734693877551024, '47.72727272723', 24.48979591836735, '46.81818181814', 7.346938775510204, '49.54545454541', 25.714285714285715, '58.63636363631', 15.918367346938776, '55.90909090904', 33.06122448979592], 'rand_pos_candidate': [0, 1]}"
109,2e72de5c-9247-4fe3-9b64-4d5be50161f6,DemoExperiment,"{'date': '2019_12_18', 'time': '18_52_43', 'age': '53', 'gender': 'male', 'feedback': 'It was quite interesting and the movable graphs were useful', 'initial_strategy': 'i thought about a 20 point advantage for each test they won', 'final_strategy': 'I still left my base recommendation in place, but I weighted theviews of the two voters higer, because they will be the ones going to the polls', 'instructions_duration': 261546, 'task_duration': 346960, 'engaging': '8', 'difficult': '5', 'pol_orient': '5', 'token': '7PXTWBV1T7'}","{'rand_cond_order': [2, 3, 1], 'rand_res_stored': [[1, 0, 0], [0, 1, 1], [0, 0, 0]], 'responses': ['64.99999999994', 11.020408163265307, '64.99999999994', 29.387755102040817, '38.63636363633', 22.040816326530614, '46.81818181814', 13.46938775510204, '64.99999999994', 28.16326530612245, '67.72727272721', 52.6530612244898, '27.72727272725', 36.734693877551024, '31.36363636361', 55.10204081632653], 'rand_pos_candidate': [0, 1]}"
110,50bd93c9-5119-4e5b-a719-3e0cd4c9624e,DemoExperiment,"{'date': '2019_12_18', 'time': '20_16_33', 'age': '29', 'gender': 'male', 'feedback': 'No', 'initial_strategy': 'I just favored who ever won more tests depending on how many tests they won', 'final_strategy': 'I took the initial numbers then factored in the public opinions', 'instructions_duration': 257258, 'task_duration': 276632, 'engaging': '8', 'difficult': '0', 'pol_orient': '1', 'token': 'FIBB5YH87A'}","{'rand_cond_order': [1, 2, 3], 'rand_res_stored': [[1, 1, 1], [0, 1, 1], [0, 0, 1]], 'responses': ['64.99999999994', 11.020408163265307, '73.18181818175', 48.9795918367347, '22.27272727271', 17.142857142857142, '29.54545454543', 35.51020408163265, '40.45454545451', 11.020408163265307, '44.99999999996', 47.755102040816325, '62.27272727267', 11.020408163265307, '68.6363636363', 47.755102040816325], 'rand_pos_candidate': [1, 0]}"
111,6c684dc9-0646-4f2f-90c2-0969d0838269,DemoExperiment,"{'date': '2019_12_18', 'time': '18_56_29', 'age': '49', 'gender': 'female', 'feedback': 'No comments', 'initial_strategy': 'Looked at who tested better.', 'final_strategy': 'I took into account the voters views as well as the tests.', 'instructions_duration': 412288, 'task_duration': 293013, 'engaging': '10', 'difficult': '5', 'pol_orient': '5', 'token': 'MNS8PCCZEG'}","{'rand_cond_order': [1, 2, 3], 'rand_res_stored': [[1, 1, 1], [0, 1, 1], [0, 1, 0]], 'responses': ['64.99999999994', 11.020408163265307, '59.5454545454', 17.142857142857142, '64.99999999994', 11.020408163265307, '64.99999999994', 12.244897959183675, '5.90909090909', 118.77551020408164, '6.81818181818', 108.9795918367347, '35.90909090906', 36.734693877551024, '42.27272727269', 25.714285714285715, '66.81818181812', 26.93877551020408, '67.72727272721', 35.51020408163265], 'rand_pos_candidate': [1, 0]}"
112,247c6a54-b8be-4452-bf58-97ec0783737b,DemoExperiment,"{'date': '2019_12_18', 'time': '21_01_54', 'age': '55', 'gender': 'female', 'feedback': 'It was challenging.', 'initial_strategy': 'I based my initial recommendation on the 3 results received.', 'final_strategy': 'I took into consideration the input from the voters, including their confidence ratings.', 'instructions_duration': 348688, 'task_duration': 347889, 'engaging': '8', 'difficult': '9', 'pol_orient': '3', 'token': '6TTEP8X2NA'}","{'rand_cond_order': [1, 2, 3], 'rand_res_stored': [[0, 0, 0], [1, 0, 0], [1, 0, 1]], 'responses': ['64.99999999994', 11.020408163265307, '73.18181818175', 17.142857142857142, '64.99999999994', 11.020408163265307, '64.99999999994', 12.244897959183675, '22.27272727271', 47.755102040816325, '31.36363636361', 23.26530612244898, '35.90909090906', 17.142857142857142, '26.81818181816', 35.51020408163265, '40.45454545451', 17.142857142857142, '59.5454545454', 23.26530612244898], 'rand_pos_candidate': [0, 1]}"
113,e45f096b-d1be-4a67-a138-614e127249a1,DemoExperiment,"{'date': '2019_12_18', 'time': '21_39_49', 'age': '37', 'gender': 'female', 'feedback': 'none', 'initial_strategy': 'I chose the candidate that performed the best on the tests.', 'final_strategy': 'I chose the candidate that the locals seemed more in favor of and more strongly so.', 'instructions_duration': 310348, 'task_duration': 194483, 'engaging': '7', 'difficult': '5', 'pol_orient': '3', 'token': 'DO5ONBVUB8'}","{'rand_cond_order': [2, 3, 1], 'rand_res_stored': [[1, 0, 1], [0, 0, 1], [1, 1, 1]], 'responses': ['64.99999999994', 11.020408163265307, '71.36363636357', 42.85714285714286, '64.99999999994', 11.020408163265307, '64.99999999994', 12.244897959183675, '36.81818181815', 22.040816326530614, '34.99999999997', 20.816326530612244, '64.99999999994', 29.387755102040817, '63.18181818176', 24.48979591836735, '26.81818181816', 63.673469387755105, '25.90909090907', 67.34693877551021], 'rand_pos_candidate': [1, 0]}"
114,284a61de-78cf-424f-b622-8228568e1e96,DemoExperiment,"{'date': '2019_12_18', 'time': '23_25_37', 'age': '39', 'gender': 'male', 'feedback': 'I think I may have messed up the first city. I intended to choose Davis over Brown, but I think I may have moved the slider in the wrong direction. ', 'initial_strategy': 'Whichever candidate had more evaluations in their favor was the one I chose. Getting three meant that the confidence level was higher than the ones that only got two.', 'final_strategy': 'I looked at how confident the two voters were in their preferences, and compared their thoughts to the evaluations. I chose the candidate with the most support.', 'instructions_duration': 320871, 'task_duration': 909717, 'engaging': '9', 'difficult': '6', 'pol_orient': '4', 'token': 'LGFLPYMUZU'}","{'rand_cond_order': [1, 3, 2], 'rand_res_stored': [[1, 1, 1], [1, 0, 0], [1, 0, 1]], 'responses': ['64.99999999994', 11.020408163265307, '68.6363636363', 17.142857142857142, '78.63636363629', 47.755102040816325, '82.27272727265', 55.10204081632653, '63.18181818176', 11.020408163265307, '68.6363636363', 36.734693877551024, '44.99999999996', 17.142857142857142, '46.81818181814', 24.48979591836735], 'rand_pos_candidate': [1, 0]}"
115,acfc6b1f-af83-483c-b0a3-1088a764cf76,DemoExperiment,"{'date': '2019_12_19', 'time': '07_03_31', 'age': '36', 'gender': 'male', 'feedback': 'easy', 'initial_strategy': 'better testing', 'final_strategy': 'adjust initial number to new information', 'instructions_duration': 297532, 'task_duration': 179926, 'engaging': '6', 'difficult': '5', 'pol_orient': '7', 'token': 'CKGRJSDJ2Z'}","{'rand_cond_order': [2, 3, 1], 'rand_res_stored': [[0, 1, 0], [1, 1, 0], [0, 0, 0]], 'responses': ['64.99999999994', 11.020408163265307, '56.81818181813', 22.040816326530614, '64.99999999994', 11.020408163265307, '64.99999999994', 12.244897959183675, '39.54545454542', 39.183673469387756, '42.27272727269', 28.16326530612245, '57.72727272722', 19.591836734693878, '56.81818181813', 28.16326530612245, '25.90909090907', 42.85714285714286, '34.09090909088', 44.08163265306123], 'rand_pos_candidate': [0, 1]}"
116,b03d790d-cc1d-40fe-9559-74cecb23de7c,DemoExperiment,"{'date': '2019_12_19', 'time': '09_05_34', 'age': '33', 'gender': 'male', 'feedback': 'Nope seemd easy enough', 'initial_strategy': 'Who performed better the most ', 'final_strategy': 'Who performed bettter and confidence ratings', 'instructions_duration': 362070, 'task_duration': 176669, 'engaging': '5', 'difficult': '2', 'pol_orient': '1', 'token': '43OD4XPM29'}","{'rand_cond_order': [2, 1, 3], 'rand_res_stored': [[1, 1, 0], [1, 1, 1], [0, 0, 1]], 'responses': ['64.99999999994', 11.020408163265307, '66.81818181812', 35.51020408163265, '64.99999999994', 11.020408163265307, '64.99999999994', 12.244897959183675, '41.3636363636', 13.46938775510204, '34.99999999997', 37.95918367346939, '29.54545454543', 44.08163265306123, '26.81818181816', 45.30612244897959, '63.18181818176', 11.020408163265307, '67.72727272721', 31.836734693877553], 'rand_pos_candidate': [1, 0]}"
117,fb37c7dd-fa35-4eda-99b0-451a47f06e1b,DemoExperiment,"{'date': '2019_12_19', 'time': '08_05_57', 'age': '52', 'gender': 'male', 'feedback': 'no', 'initial_strategy': 'I went with my initial assessment mostly', 'final_strategy': 'I stayed close to my initial assessment', 'instructions_duration': 1464678, 'task_duration': 445615, 'engaging': '5', 'difficult': '5', 'pol_orient': '4', 'token': 'A5BPIK6I7Q'}","{'rand_cond_order': [1, 2, 3], 'rand_res_stored': [[1, 1, 1], [1, 1, 0], [0, 1, 0]], 'responses': ['64.99999999994', 11.020408163265307, '73.18181818175', 37.95918367346939, '64.99999999994', 11.020408163265307, '64.99999999994', 12.244897959183675, '64.99999999994', 11.020408163265307, '64.99999999994', 12.244897959183675, '24.99999999998', 75.91836734693878, '32.2727272727', 58.775510204081634, '35.90909090906', 28.16326530612245, '36.81818181815', 33.06122448979592, '64.09090909085', 31.836734693877553, '65.90909090903', 36.734693877551024], 'rand_pos_candidate': [1, 0]}"
118,7a885ed5-ca35-4b97-9d61-794559f3ceeb,DemoExperiment,"{'date': '2019_12_19', 'time': '09_43_08', 'age': '44', 'gender': 'male', 'feedback': 'Interesting and well-designed HIT.  It was fun.', 'initial_strategy': 'I mostly used my instincts to make a judgment based on their test results.', 'final_strategy': ""I took all information into consideration including the locals' beliefs as well as what information they were privy to."", 'instructions_duration': 347178, 'task_duration': 344928, 'engaging': '10', 'difficult': '3', 'pol_orient': '6', 'token': 'LYZ49RAX2L'}","{'rand_cond_order': [3, 2, 1], 'rand_res_stored': [[1, 0, 0], [1, 0, 1], [1, 1, 1]], 'responses': ['64.99999999994', 11.020408163265307, '70.45454545448', 26.93877551020408, '70.45454545448', 39.183673469387756, '74.09090909084', 64.89795918367346, '27.72727272725', 46.53061224489796, '40.45454545451', 37.95918367346939, '17.72727272726', 72.24489795918367, '31.36363636361', 46.53061224489796], 'rand_pos_candidate': [1, 0]}"
119,533cca64-aa6c-44e0-ac52-e949fc72fff4,DemoExperiment,"{'date': '2019_12_19', 'time': '06_55_30', 'age': '45', 'gender': 'female', 'feedback': 'I really enjoyed the experiment and thought it was interesting.', 'initial_strategy': 'For my initial recommendation, I selected the candidate who had done the best on the selection tests.', 'final_strategy': 'When the local voters were split on whom they liked, I kept the same candidate selection as my initial recommendation, but my confidence in the candidates was definitely affected based on the new information.', 'instructions_duration': 402783, 'task_duration': 536971, 'engaging': '9', 'difficult': '4', 'pol_orient': '3', 'token': '7MOUSMLL26'}","{'rand_cond_order': [2, 3, 1], 'rand_res_stored': [[0, 0, 1], [0, 1, 1], [0, 0, 0]], 'responses': ['64.99999999994', 11.020408163265307, '74.09090909084', 44.08163265306123, '31.36363636361', 20.816326530612244, '38.63636363633', 14.693877551020408, '60.45454545449', 23.26530612244898, '64.09090909085', 37.95918367346939, '22.27272727271', 66.12244897959184, '33.18181818179', 48.9795918367347], 'rand_pos_candidate': [0, 1]}"
120,9979ae5c-cdac-4687-a995-3acf1bfb7ee5,DemoExperiment,"{'date': '2019_12_19', 'time': '07_33_53', 'age': '29', 'gender': 'male', 'feedback': 'This a good experiment.', 'initial_strategy': 'In my initial recommendation is good. No, I had specific strategy.', 'final_strategy': 'In my final recommendation is fair. No i had any specific strategy.', 'instructions_duration': 871872, 'task_duration': 625927, 'engaging': '5', 'difficult': '6', 'pol_orient': '4', 'token': 'WLNTOS9Y4C'}","{'rand_cond_order': [3, 1, 2], 'rand_res_stored': [[1, 0, 0], [1, 1, 1], [1, 0, 1]], 'responses': ['64.99999999994', 11.020408163265307, '68.6363636363', 23.26530612244898, '64.99999999994', 11.020408163265307, '64.99999999994', 12.244897959183675, '64.99999999994', 19.591836734693878, '47.72727272723', 18.367346938775512, '54.99999999995', 12.244897959183675, '54.09090909086', 14.693877551020408, '56.81818181813', 28.16326530612245, '57.72727272722', 29.387755102040817], 'rand_pos_candidate': [1, 0]}"
121,ea0c342f-cfc5-4aca-bba8-291915cee52a,DemoExperiment,"{'date': '2019_12_19', 'time': '10_57_55', 'age': '45', 'gender': 'male', 'feedback': 'none', 'initial_strategy': 'Initially, I gave some significance to the tests', 'final_strategy': 'I took into account the events attended by the locals as well as their interactions with each other', 'instructions_duration': 387826, 'task_duration': 291011, 'engaging': '8', 'difficult': '4', 'pol_orient': '5', 'token': 'XJ99OMDJRL'}","{'rand_cond_order': [1, 3, 2], 'rand_res_stored': [[1, 1, 1], [0, 0, 1], [1, 1, 0]], 'responses': ['64.99999999994', 11.020408163265307, '55.90909090904', 74.6938775510204, '64.99999999994', 11.020408163265307, '64.99999999994', 12.244897959183675, '8.63636363636', 113.87755102040816, '7.72727272727', 115.10204081632654, '59.5454545454', 78.36734693877551, '55.90909090904', 72.24489795918367, '40.45454545451', 78.36734693877551, '31.36363636361', 90.61224489795919], 'rand_pos_candidate': [1, 0]}"
122,b872a5f8-42a3-4744-b4f6-cdb226cf360c,DemoExperiment,"{'date': '2019_12_19', 'time': '08_41_49', 'age': '29', 'gender': 'male', 'feedback': 'No comments or feedback', 'initial_strategy': 'I used the information available and tried to make my best judgement', 'final_strategy': 'I used all the information given and tried to make the best judgement as to who would be the best candidate', 'instructions_duration': 295897, 'task_duration': 256656, 'engaging': '7', 'difficult': '3', 'pol_orient': '3', 'token': 'V2VZSXDSUJ'}","{'rand_cond_order': [2, 3, 1], 'rand_res_stored': [[1, 1, 0], [0, 1, 0], [1, 1, 1]], 'responses': ['64.99999999994', 11.020408163265307, '70.45454545448', 50.204081632653065, '64.99999999994', 11.020408163265307, '64.99999999994', 12.244897959183675, '26.81818181816', 58.775510204081634, '34.99999999997', 41.63265306122449, '69.54545454539', 23.26530612244898, '63.18181818176', 45.30612244897959, '24.09090909089', 64.89795918367346, '29.54545454543', 50.204081632653065], 'rand_pos_candidate': [1, 0]}"
123,f27029d1-1df4-44c6-a275-e69122edad21,DemoExperiment,"{'date': '2019_12_19', 'time': '15_49_39', 'age': '20', 'gender': 'female', 'feedback': 'I do not.', 'initial_strategy': 'I based it on the selection tests and which candidate performed better them.', 'final_strategy': 'I took into account what the citizens were in favor of and the previous information from the selection tests.', 'instructions_duration': 312558, 'task_duration': 241106, 'engaging': '8', 'difficult': '3', 'pol_orient': '2', 'token': 'TMQGV5ZMDL'}","{'rand_cond_order': [3, 2, 1], 'rand_res_stored': [[0, 1, 1], [0, 0, 1], [0, 0, 0]], 'responses': ['64.99999999994', 11.020408163265307, '68.6363636363', 29.387755102040817, '57.72727272722', 11.020408163265307, '64.09090909085', 28.16326530612245, '41.3636363636', 14.693877551020408, '44.99999999996', 25.714285714285715, '27.72727272725', 28.16326530612245, '33.18181818179', 30.612244897959183], 'rand_pos_candidate': [0, 1]}"
124,440e48f4-2471-4188-abff-b63e6a2e61fa,DemoExperiment,"{'date': '2019_12_19', 'time': '18_56_01', 'age': '41', 'gender': 'female', 'feedback': 'Interesting!', 'initial_strategy': 'Who done better on the test was my main thing I looked at ', 'final_strategy': 'see what the 2 who were interviewed thought.', 'instructions_duration': 756136, 'task_duration': 423708, 'engaging': '7', 'difficult': '2', 'pol_orient': '1', 'token': 'LJU2NP4BV0'}","{'rand_cond_order': [2, 3, 1], 'rand_res_stored': [[0, 1, 1], [1, 0, 0], [1, 1, 1]], 'responses': ['64.99999999994', 11.020408163265307, '73.18181818175', 41.63265306122449, '64.99999999994', 11.020408163265307, '64.99999999994', 12.244897959183675, '64.99999999994', 11.020408163265307, '64.99999999994', 12.244897959183675, '64.99999999994', 11.020408163265307, '64.99999999994', 12.244897959183675, '64.99999999994', 11.020408163265307, '64.99999999994', 12.244897959183675, '32.2727272727', 44.08163265306123, '34.99999999997', 29.387755102040817, '64.99999999994', 41.63265306122449, '69.54545454539', 45.30612244897959, '14.99999999999', 56.3265306122449, '16.81818181817', 46.53061224489796], 'rand_pos_candidate': [1, 0]}"
125,c606014e-ded5-45ce-9d45-c8eed6a3a9a3,DemoExperiment,"{'date': '2019_12_19', 'time': '18_56_55', 'age': '42', 'gender': 'female', 'feedback': 'no', 'initial_strategy': 'I gave the edge to the person that had 2 out of 3 test recommendations', 'final_strategy': 'I looked for something from the likely voters that would lessen my confidence in my initial choice. ', 'instructions_duration': 539725, 'task_duration': 575908, 'engaging': '9', 'difficult': '2', 'pol_orient': '4', 'token': 'QSAJQ9OQL9'}","{'rand_cond_order': [2, 1, 3], 'rand_res_stored': [[0, 1, 0], [0, 0, 0], [1, 0, 1]], 'responses': ['64.99999999994', 11.020408163265307, '68.6363636363', 60, '35.90909090906', 29.387755102040817, '35.90909090906', 11.020408163265307, '13.18181818181', 90.61224489795919, '17.72727272726', 72.24489795918367, '68.6363636363', 29.387755102040817, '68.6363636363', 60], 'rand_pos_candidate': [0, 1]}"
126,73c545cd-ef84-40f8-8805-8a798db04835,DemoExperiment,"{'date': '2019_12_19', 'time': '17_08_01', 'age': '71', 'gender': 'female', 'feedback': 'no', 'initial_strategy': 'who tested better', 'final_strategy': 'minimal movement from initial', 'instructions_duration': 130573, 'task_duration': 135421, 'engaging': '6', 'difficult': '1', 'pol_orient': '5', 'token': '322KWX31PF'}","{'rand_cond_order': [2, 3, 1], 'rand_res_stored': [[1, 0, 0], [1, 1, 0], [0, 0, 0]], 'responses': ['64.99999999994', 11.020408163265307, '64.99999999994', 13.46938775510204, '43.18181818178', 26.93877551020408, '45.90909090905', 24.48979591836735, '55.90909090904', 25.714285714285715, '57.72727272722', 26.93877551020408, '66.81818181812', 39.183673469387756, '65.90909090903', 41.63265306122449], 'rand_pos_candidate': [0, 1]}"
127,7bf75e96-879c-4de9-8056-7fb2e316980e,DemoExperiment,"{'date': '2019_12_19', 'time': '19_12_06', 'age': '39', 'gender': 'female', 'feedback': 'No. ', 'initial_strategy': 'I would rely on the results of all three assessments and choose who broke the tie.', 'final_strategy': 'I relied a lot on the feedback from local. They were the tiebreaker more so than the assessment.', 'instructions_duration': 359038, 'task_duration': 380685, 'engaging': '6', 'difficult': '4', 'pol_orient': '1', 'token': '3AFKNX5A52'}","{'rand_cond_order': [3, 1, 2], 'rand_res_stored': [[1, 0, 1], [0, 0, 0], [0, 0, 1]], 'responses': ['64.99999999994', 11.020408163265307, '69.54545454539', 26.93877551020408, '74.99999999993', 83.26530612244898, '65.90909090903', 41.63265306122449, '32.2727272727', 30.612244897959183, '27.72727272725', 45.30612244897959, '15.90909090908', 58.775510204081634, '41.3636363636', 79.59183673469389], 'rand_pos_candidate': [0, 1]}"
128,d0f0b227-3012-4698-a84a-1e34d0ef9625,DemoExperiment,"{'date': '2019_12_20', 'time': '01_19_13', 'age': '23', 'gender': 'male', 'feedback': 'I never was so sure to have understood all the rules. ', 'initial_strategy': 'Well, sort of slight favor for one candidate if the outcomes were 2-1 or 1-2 and big favor for a landslide 3-0 or 0-3.', 'final_strategy': 'I ignored their opinion, because there was no case, where a 2-1 was turned into a 2-3 or vice versa. Only if that would have been the case, I would have thought about if I can give these individual opinions the same weigth as the competence tests. ', 'instructions_duration': 452823, 'task_duration': 756049, 'engaging': '6', 'difficult': '5', 'pol_orient': '4', 'token': '7FWVA0NJ6L'}","{'rand_cond_order': [3, 1, 2], 'rand_res_stored': [[1, 0, 0], [1, 1, 1], [0, 1, 1]], 'responses': ['64.99999999994', 11.020408163265307, '64.99999999994', 40.40816326530612, '64.99999999994', 37.95918367346939, '64.99999999994', 36.734693877551024, '26.81818181816', 60, '36.81818181815', 53.87755102040816, '34.09090909088', 37.95918367346939, '34.09090909088', 37.95918367346939], 'rand_pos_candidate': [1, 0]}"
129,bbdaa323-6c89-46ee-914e-9dd33ad54c83,DemoExperiment,"{'date': '2019_12_19', 'time': '18_23_07', 'age': '42', 'gender': 'male', 'feedback': 'None', 'initial_strategy': 'Based on the three tests', 'final_strategy': 'based on the three tests as well as the local suggestions.', 'instructions_duration': 448510, 'task_duration': 231296, 'engaging': '8', 'difficult': '4', 'pol_orient': '4', 'token': 'QKMDI6M21G'}","{'rand_cond_order': [3, 1, 2], 'rand_res_stored': [[0, 0, 1], [1, 1, 1], [1, 1, 0]], 'responses': ['64.99999999994', 11.020408163265307, '66.81818181812', 22.040816326530614, '64.99999999994', 11.020408163265307, '64.99999999994', 12.244897959183675, '64.99999999994', 11.020408163265307, '64.99999999994', 12.244897959183675, '61.36363636358', 8.571428571428571, '59.5454545454', 9.795918367346939, '27.72727272725', 25.714285714285715, '34.99999999997', 12.244897959183675, '33.18181818179', 9.795918367346939, '28.63636363634', 12.244897959183675], 'rand_pos_candidate': [1, 0]}"
130,b267ed40-aaba-49aa-825d-d799e637aaea,DemoExperiment,"{'date': '2019_12_19', 'time': '19_57_19', 'age': '52', 'gender': 'female', 'feedback': 'It was very vague.', 'initial_strategy': 'I put more faith in the opinion of the female voters.', 'final_strategy': 'I did not have a specific strategy.', 'instructions_duration': 749803, 'task_duration': 313229, 'engaging': '8', 'difficult': '9', 'pol_orient': '1', 'token': 'C1WT7Q0B7K'}","{'rand_cond_order': [3, 2, 1], 'rand_res_stored': [[0, 1, 1], [0, 0, 1], [0, 0, 0]], 'responses': ['64.99999999994', 11.020408163265307, '64.99999999994', 40.40816326530612, '64.99999999994', 11.020408163265307, '64.99999999994', 12.244897959183675, '59.5454545454', 35.51020408163265, '60.45454545449', 37.95918367346939, '27.72727272725', 36.734693877551024, '25.90909090907', 37.95918367346939, '10.45454545454', 107.75510204081633, '16.81818181817', 100.40816326530613], 'rand_pos_candidate': [0, 1]}"
131,4699df18-1318-4362-ae47-02feb9f648bf,DemoExperiment,"{'date': '2019_12_21', 'time': '13_14_02', 'age': '38', 'gender': 'male', 'feedback': 'no', 'initial_strategy': 'It was whoever had more test wins.', 'final_strategy': 'I stayed close to my original estimate with some adjustments based on how confident the voter was.', 'instructions_duration': 243734, 'task_duration': 220253, 'engaging': '6', 'difficult': '6', 'pol_orient': '2', 'token': 'PCCBC9UITR'}","{'rand_cond_order': [2, 1, 3], 'rand_res_stored': [[0, 1, 0], [0, 0, 0], [1, 1, 0]], 'responses': ['64.99999999994', 11.020408163265307, '59.5454545454', 13.46938775510204, '64.99999999994', 11.020408163265307, '64.99999999994', 12.244897959183675, '28.63636363634', 77.14285714285714, '30.45454545452', 75.91836734693878, '15.90909090908', 110.20408163265306, '18.63636363635', 85.71428571428572, '75.90909090902', 29.387755102040817, '84.09090909083', 83.26530612244898], 'rand_pos_candidate': [0, 1]}"
132,e20e74a7-dfd6-4ec8-9587-27e960100c8a,DemoExperiment,"{'date': '2019_12_21', 'time': '14_19_37', 'age': '52', 'gender': 'male', 'feedback': 'No, thanks.', 'initial_strategy': 'For the initial recommendation, I relied on which candidate got the most initial support.', 'final_strategy': 'For the final recommendation, I judged which of the two locals knew the most and how confident they were in their judgments.', 'instructions_duration': 256995, 'task_duration': 251368, 'engaging': '8', 'difficult': '3', 'pol_orient': '4', 'token': 'QC0PDVFDJN'}","{'rand_cond_order': [1, 2, 3], 'rand_res_stored': [[0, 0, 0], [1, 0, 0], [1, 0, 1]], 'responses': ['64.99999999994', 11.020408163265307, '59.5454545454', 17.142857142857142, '26.81818181816', 53.87755102040816, '31.36363636361', 41.63265306122449, '44.09090909087', 23.26530612244898, '44.99999999996', 11.020408163265307, '59.5454545454', 17.142857142857142, '64.09090909085', 29.387755102040817], 'rand_pos_candidate': [0, 1]}"
133,9677ea77-dc9c-4071-9fa2-3a7792f42e9e,DemoExperiment,"{'date': '2019_12_21', 'time': '13_03_53', 'age': '50', 'gender': 'female', 'feedback': 'Interesting and different, thank you =)', 'initial_strategy': 'I just went by which performed best regarding the tests. ', 'final_strategy': ""The only one I felt confident in was the one where the two people attended different debates and the one person told the other person all about the debate they attended.  So, Eva had more information than the other.  I felt confident going with Eva's recommendation."", 'instructions_duration': 738577, 'task_duration': 550320, 'engaging': '10', 'difficult': '8', 'pol_orient': '2', 'token': 'BBGIAZN309'}","{'rand_cond_order': [2, 3, 1], 'rand_res_stored': [[0, 1, 1], [0, 0, 1], [1, 1, 1]], 'responses': ['64.99999999994', 11.020408163265307, '64.09090909085', 41.63265306122449, '34.09090909088', 79.59183673469389, '40.45454545451', 96.73469387755102, '68.6363636363', 47.755102040816325, '86.8181818181', 115.10204081632654, '22.27272727271', 53.87755102040816, '24.09090909089', 79.59183673469389], 'rand_pos_candidate': [1, 0]}"
134,63d67fff-8356-4ac3-b837-eed095683c91,DemoExperiment,"{'date': '2019_12_21', 'time': '14_04_06', 'age': '28', 'gender': 'male', 'feedback': 'Interesting experiment overall. ', 'initial_strategy': 'I weighed their test results and built confidence in my selection after seeing that. ', 'final_strategy': 'I based my final decision after viewing recommendations from locals and taking into account the complete amount of data needed to make a sufficient choice.  ', 'instructions_duration': 565392, 'task_duration': 324321, 'engaging': '8', 'difficult': '2', 'pol_orient': '4', 'token': 'SLTX9Y23HP'}","{'rand_cond_order': [3, 2, 1], 'rand_res_stored': [[1, 0, 0], [1, 0, 1], [1, 1, 1]], 'responses': ['64.99999999994', 11.020408163265307, '68.6363636363', 66.12244897959184, '64.99999999994', 11.020408163265307, '64.99999999994', 12.244897959183675, '72.27272727266', 69.79591836734694, '67.72727272721', 64.89795918367346, '34.99999999997', 69.79591836734694, '37.72727272724', 66.12244897959184, '22.27272727271', 86.93877551020408, '24.09090909089', 84.48979591836735], 'rand_pos_candidate': [1, 0]}"
135,70c40f74-6e59-4b94-93de-2b0ed1c89132,DemoExperiment,"{'date': '2019_12_21', 'time': '15_27_37', 'age': '47', 'gender': 'male', 'feedback': ""It was an interesting exercise to think about how much weight I was giving to the voter's opinions."", 'initial_strategy': 'Purely on the test results. I really had no other data points.', 'final_strategy': 'While still considering the test results, I also looked the confidence levels and overall ratings given by each of the voters. I also considered which voter had more complete information.', 'instructions_duration': 398166, 'task_duration': 533827, 'engaging': '10', 'difficult': '1', 'pol_orient': '4', 'token': 'L6SQUCAAZQ'}","{'rand_cond_order': [3, 2, 1], 'rand_res_stored': [[0, 1, 0], [1, 0, 1], [1, 1, 1]], 'responses': ['64.99999999994', 11.020408163265307, '68.6363636363', 29.387755102040817, '59.5454545454', 4.8979591836734695, '62.27272727267', 18.367346938775512, '38.63636363633', 4.8979591836734695, '49.54545454541', 2.4489795918367347, '26.81818181816', 39.183673469387756, '38.63636363633', 34.285714285714285], 'rand_pos_candidate': [1, 0]}"
136,14a93c9c-b6a4-4fa0-841e-8148b1da5a29,DemoExperiment,"{'date': '2019_12_21', 'time': '12_43_27', 'age': '37', 'gender': 'male', 'feedback': 'No comments, but thank you.', 'initial_strategy': 'I just assigned the candidates one point per recommendation.', 'final_strategy': ""I tried to see things from the locals' perspectives."", 'instructions_duration': 330102, 'task_duration': 437012, 'engaging': '5', 'difficult': '5', 'pol_orient': '2', 'token': '7RBPETRJZH'}","{'rand_cond_order': [2, 1, 3], 'rand_res_stored': [[1, 0, 1], [1, 1, 1], [0, 0, 1]], 'responses': ['64.99999999994', 11.020408163265307, '68.6363636363', 35.51020408163265, '40.45454545451', 11.020408163265307, '44.99999999996', 13.46938775510204, '31.36363636361', 35.51020408163265, '40.45454545451', 33.06122448979592, '59.5454545454', 17.142857142857142, '59.5454545454', 23.26530612244898], 'rand_pos_candidate': [1, 0]}"
137,cca6ed2e-1fa3-4c66-bcd6-1e363cf99232,DemoExperiment,"{'date': '2019_12_21', 'time': '14_54_29', 'age': '37', 'gender': 'male', 'feedback': 'none', 'initial_strategy': 'Just based on who passed more of the initial of the 3 tests', 'final_strategy': 'If the two voters talked to each other, and if they saw separate debates or the same debate', 'instructions_duration': 376191, 'task_duration': 320626, 'engaging': '8', 'difficult': '4', 'pol_orient': '6', 'token': '8DVU3JMZ5F'}","{'rand_cond_order': [1, 2, 3], 'rand_res_stored': [[0, 0, 0], [0, 0, 1], [0, 1, 1]], 'responses': ['64.99999999994', 11.020408163265307, '77.7272727272', 29.387755102040817, '64.99999999994', 11.020408163265307, '64.99999999994', 12.244897959183675, '22.27272727271', 35.51020408163265, '28.63636363634', 20.816326530612244, '44.99999999996', 12.244897959183675, '50.4545454545', 9.795918367346939, '60.45454545449', 14.693877551020408, '78.63636363629', 45.30612244897959], 'rand_pos_candidate': [0, 1]}"
138,b49a56e8-e31c-4330-951d-2c47e6e38990,DemoExperiment,"{'date': '2019_12_21', 'time': '15_11_14', 'age': '62', 'gender': 'female', 'feedback': 'no', 'initial_strategy': 'I would lean more towards the one that did better on two of the three tests', 'final_strategy': 'I then factored in how the two individuals felt and used that information to adjust ', 'instructions_duration': 619558, 'task_duration': 714545, 'engaging': '9', 'difficult': '5', 'pol_orient': '6', 'token': '1DOJKV1CAN'}","{'rand_cond_order': [1, 2, 3], 'rand_res_stored': [[1, 1, 1], [1, 1, 0], [0, 1, 0]], 'responses': ['64.99999999994', 11.020408163265307, '68.6363636363', 23.26530612244898, '10.45454545454', 115.10204081632654, '31.36363636361', 84.48979591836735, '31.36363636361', 84.48979591836735, '40.45454545451', 60, '72.27272727266', 61.224489795918366, '50.4545454545', 60], 'rand_pos_candidate': [1, 0]}"
139,ebeb8f6c-058b-48c8-b7a2-84d8b17a83c7,DemoExperiment,"{'date': '2019_12_24', 'time': '09_55_54', 'age': '29', 'gender': 'male', 'feedback': 'No.', 'initial_strategy': 'I based it on the number of green dots they had more of and the the details of previous votes.', 'final_strategy': 'I wanted to make the best choice with all the information gathered.', 'instructions_duration': 609421, 'task_duration': 95193, 'engaging': '10', 'difficult': '10', 'pol_orient': '4', 'token': 'LEHD1G9JBS'}","{'rand_cond_order': [1, 3, 2], 'rand_res_stored': [[0, 0, 0], [1, 0, 1], [0, 1, 0]], 'responses': ['64.99999999994', 11.020408163265307, '64.09090909085', 30.612244897959183, '64.99999999994', 11.020408163265307, '64.99999999994', 12.244897959183675, '64.99999999994', 11.020408163265307, '64.99999999994', 12.244897959183675, '64.99999999994', 11.020408163265307, '64.99999999994', 12.244897959183675, '64.99999999994', 11.020408163265307, '64.99999999994', 12.244897959183675, '64.99999999994', 11.020408163265307, '64.99999999994', 12.244897959183675, '64.99999999994', 11.020408163265307, '64.99999999994', 12.244897959183675, '64.99999999994', 11.020408163265307, '64.99999999994', 12.244897959183675, '64.99999999994', 11.020408163265307, '64.99999999994', 12.244897959183675, '64.99999999994', 11.020408163265307, '64.99999999994', 12.244897959183675, '64.99999999994', 11.020408163265307, '64.99999999994', 12.244897959183675, '64.99999999994', 11.020408163265307, '64.99999999994', 12.244897959183675, '64.99999999994', 11.020408163265307, '64.99999999994', 12.244897959183675, '35.90909090906', 90.61224489795919, '47.72727272723', 68.57142857142857, '55.90909090904', 33.06122448979592, '46.81818181814', 23.26530612244898, '34.09090909088', 62.44897959183674, '48.63636363632', 55.10204081632653], 'rand_pos_candidate': [0, 1]}"
140,d6a63267-113c-413f-ae76-443aa6adf536,DemoExperiment,"{'date': '2019_12_24', 'time': '09_57_20', 'age': '37', 'gender': 'female', 'feedback': 'It was interesting seeing how different things would affect the rating I would give.', 'initial_strategy': 'I went by the test scores and who did the best.', 'final_strategy': 'I went by the test scores along with the ratings the two other people gave in order to adjust my initial recommendation. ', 'instructions_duration': 394881, 'task_duration': 310952, 'engaging': '8', 'difficult': '6', 'pol_orient': '3', 'token': '01S34UCL3A'}","{'rand_cond_order': [1, 2, 3], 'rand_res_stored': [[0, 0, 0], [0, 0, 1], [1, 0, 1]], 'responses': ['64.99999999994', 11.020408163265307, '73.18181818175', 35.51020408163265, '31.36363636361', 13.46938775510204, '33.18181818179', 29.387755102040817, '44.09090909087', 14.693877551020408, '40.45454545451', 20.816326530612244, '64.99999999994', 14.693877551020408, '67.72727272721', 29.387755102040817], 'rand_pos_candidate': [0, 1]}"
141,c9bae98a-a216-4c01-831e-a48176691956,DemoExperiment,"{'date': '2019_12_24', 'time': '09_57_29', 'age': '59', 'gender': 'female', 'feedback': 'no, thank you', 'initial_strategy': 'mostly went by the test results', 'final_strategy': 'some test results and some from the locals talking about them', 'instructions_duration': 454475, 'task_duration': 334114, 'engaging': '8', 'difficult': '5', 'pol_orient': '4', 'token': '0SJ5JGBIPB'}","{'rand_cond_order': [2, 3, 1], 'rand_res_stored': [[1, 0, 0], [0, 1, 1], [0, 0, 0]], 'responses': ['64.99999999994', 11.020408163265307, '68.6363636363', 72.24489795918367, '64.99999999994', 11.020408163265307, '64.99999999994', 72.24489795918367, '35.90909090906', 53.87755102040816, '42.27272727269', 60, '64.09090909085', 67.34693877551021, '74.09090909084', 84.48979591836735, '17.72727272726', 78.36734693877551, '22.27272727271', 84.48979591836735], 'rand_pos_candidate': [0, 1]}"
142,26e6d4cc-bf3c-414b-956c-975f6efbe766,DemoExperiment,"{'date': '2019_12_24', 'time': '10_27_53', 'age': '44', 'gender': 'male', 'feedback': 'It was an interesting project.', 'initial_strategy': 'It was generally down to their performance on the test.', 'final_strategy': 'It was a mix of their test performance and the opinions of the individuals who provided feedback.', 'instructions_duration': 690863, 'task_duration': 305410, 'engaging': '9', 'difficult': '5', 'pol_orient': '2', 'token': 'RSU3ZHUKZA'}","{'rand_cond_order': [1, 3, 2], 'rand_res_stored': [[1, 1, 1], [0, 0, 1], [1, 1, 0]], 'responses': ['64.99999999994', 11.020408163265307, '60.45454545449', 120, '64.99999999994', 11.020408163265307, '64.99999999994', 12.244897959183675, '18.63636363635', 97.9591836734694, '5', 120, '56.81818181813', 11.020408163265307, '37.72727272724', 82.04081632653062, '40.45454545451', 23.26530612244898, '35.90909090906', 79.59183673469389], 'rand_pos_candidate': [1, 0]}"
143,72b623ea-fe04-46e1-8a19-9abeb6f826d2,DemoExperiment,"{'date': '2019_12_24', 'time': '07_58_05', 'age': '25', 'gender': 'male', 'feedback': 'None', 'initial_strategy': 'I chose my initial recommendation based on the 3 test results.', 'final_strategy': 'I then factored in the opinions of the 2 locals in each case.', 'instructions_duration': 484444, 'task_duration': 230851, 'engaging': '9', 'difficult': '3', 'pol_orient': '1', 'token': 'D4OXL39AHU'}","{'rand_cond_order': [1, 2, 3], 'rand_res_stored': [[0, 0, 0], [1, 0, 0], [0, 1, 1]], 'responses': ['64.99999999994', 11.020408163265307, '60.45454545449', 30.612244897959183, '17.72727272726', 53.87755102040816, '24.09090909089', 48.9795918367347, '37.72727272724', 11.020408163265307, '40.45454545451', 6.122448979591837, '68.6363636363', 26.93877551020408, '62.27272727267', 39.183673469387756], 'rand_pos_candidate': [0, 1]}"
144,8e80fd25-82bf-44c7-adeb-4eed59f83448,DemoExperiment,"{'date': '2019_12_24', 'time': '11_09_22', 'age': '32', 'gender': 'male', 'feedback': 'Everything was clear so far.', 'initial_strategy': 'I simply followed the example provided by the senior consultant.', 'final_strategy': ""I added or subtracted points based on the feedback from interviewing the locals. I took the local's confidence ratings into account."", 'instructions_duration': 1302855, 'task_duration': 490637, 'engaging': '10', 'difficult': '5', 'pol_orient': '2', 'token': 'VOG5I9YYXJ'}","{'rand_cond_order': [3, 2, 1], 'rand_res_stored': [[0, 0, 1], [1, 0, 1], [1, 1, 1]], 'responses': ['64.99999999994', 11.020408163265307, '73.18181818175', 23.26530612244898, '64.99999999994', 11.020408163265307, '73.18181818175', 12.244897959183675, '64.99999999994', 11.020408163265307, '64.99999999994', 12.244897959183675, '64.99999999994', 11.020408163265307, '64.99999999994', 12.244897959183675, '64.99999999994', 11.020408163265307, '64.99999999994', 12.244897959183675, '64.99999999994', 11.020408163265307, '64.99999999994', 12.244897959183675, '64.99999999994', 11.020408163265307, '64.99999999994', 12.244897959183675, '64.99999999994', 11.020408163265307, '64.99999999994', 12.244897959183675, '64.99999999994', 11.020408163265307, '68.6363636363', 23.26530612244898, '34.09090909088', 11.020408163265307, '31.36363636361', 17.142857142857142, '22.27272727271', 47.755102040816325, '26.81818181816', 41.63265306122449], 'rand_pos_candidate': [1, 0]}"
145,283876cd-64f1-41f6-a12b-14bd16b51ae3,DemoExperiment,"{'date': '2019_12_24', 'time': '08_53_26', 'age': '28', 'gender': 'male', 'feedback': 'nothign', 'initial_strategy': 'based on the info', 'final_strategy': 'based on the info', 'instructions_duration': 1474570, 'task_duration': 140570, 'engaging': '10', 'difficult': '5', 'pol_orient': '7', 'token': 'L091DDR165'}","{'rand_cond_order': [2, 3, 1], 'rand_res_stored': [[1, 0, 1], [0, 0, 1], [1, 1, 1]], 'responses': ['64.99999999994', 11.020408163265307, '67.72727272721', 18.367346938775512, '64.99999999994', 11.020408163265307, '64.99999999994', 12.244897959183675, '64.99999999994', 11.020408163265307, '64.99999999994', 12.244897959183675, '64.99999999994', 11.020408163265307, '64.99999999994', 12.244897959183675, '56.81818181813', 13.46938775510204, '60.45454545449', 28.16326530612245, '57.72727272722', 12.244897959183675, '61.36363636358', 33.06122448979592, '57.72727272722', 69.79591836734694, '62.27272727267', 52.6530612244898], 'rand_pos_candidate': [1, 0]}"
146,65201a2f-c820-49de-b934-de93355cd6d5,DemoExperiment,"{'date': '2019_12_24', 'time': '12_21_15', 'age': '38', 'gender': 'male', 'feedback': 'N/A', 'initial_strategy': 'I based my initial recommendation on which candidate did better in the initial 3 tests.', 'final_strategy': 'I took my initial recommendation and the information from the two voter and did my best to combine that knowledge into a new recommendation.', 'instructions_duration': 305539, 'task_duration': 282680, 'engaging': '8', 'difficult': '2', 'pol_orient': '1', 'token': 'XIBVUYRPR0'}","{'rand_cond_order': [1, 2, 3], 'rand_res_stored': [[1, 1, 1], [1, 1, 0], [0, 1, 0]], 'responses': ['64.99999999994', 11.020408163265307, '68.6363636363', 30.612244897959183, '26.81818181816', 29.387755102040817, '36.81818181815', 23.26530612244898, '45.90909090905', 13.46938775510204, '48.63636363632', 4.8979591836734695, '59.5454545454', 11.020408163265307, '62.27272727267', 24.48979591836735], 'rand_pos_candidate': [1, 0]}"
147,becb9526-369b-4918-97b2-d389a99a569d,DemoExperiment,"{'date': '2019_12_24', 'time': '13_23_14', 'age': '36', 'gender': 'female', 'feedback': 'good', 'initial_strategy': 'good', 'final_strategy': 'good', 'instructions_duration': 400754, 'task_duration': 138647, 'engaging': '2', 'difficult': '4', 'pol_orient': '5', 'token': 'XBWJ32IX13'}","{'rand_cond_order': [1, 3, 2], 'rand_res_stored': [[1, 1, 1], [0, 0, 1], [0, 1, 1]], 'responses': ['64.99999999994', 11.020408163265307, '74.99999999993', 46.53061224489796, '64.99999999994', 11.020408163265307, '64.99999999994', 12.244897959183675, '64.99999999994', 11.020408163265307, '64.99999999994', 12.244897959183675, '64.99999999994', 11.020408163265307, '64.99999999994', 12.244897959183675, '64.99999999994', 11.020408163265307, '64.99999999994', 12.244897959183675, '64.99999999994', 11.020408163265307, '64.99999999994', 12.244897959183675, '57.72727272722', 13.46938775510204, '62.27272727267', 18.367346938775512, '61.36363636358', 24.48979591836735, '70.45454545448', 37.95918367346939, '63.18181818176', 35.51020408163265, '66.81818181812', 42.85714285714286], 'rand_pos_candidate': [1, 0]}"
178,e03bca34-0819-4779-b020-1938e578a296,DemoExperiment,"{'date': '2020_01_07', 'time': '10_46_30', 'age': '26', 'gender': 'male', 'feedback': 'no', 'initial_strategy': 'I went with logic and my gut feelings.', 'final_strategy': 'I went with my gut feelings.', 'instructions_duration': 286619, 'task_duration': 126841, 'engaging': '10', 'difficult': '5', 'pol_orient': '3', 'token': 'IVJUE4C877'}","{'rand_cond_order': [1, 2, 3], 'rand_res_stored': [[1, 0, 1], [0, 1, 0], [1, 1, 1]], 'prior_order': [[2, 3], [3, 2], [1, 4]], 'responses': ['64.99999999994', 11.020408163265307, '55.90909090904', 68.57142857142857, '64.99999999994', 11.020408163265307, '64.99999999994', 12.244897959183675, '55.90909090904', 63.673469387755105, '62.27272727267', 75.91836734693878, '58.63636363631', 77.14285714285714, '62.27272727267', 69.79591836734694, '18.63636363635', 84.48979591836735, '34.09090909088', 72.24489795918367], 'rand_pos_candidate': [1, 0]}"
179,bfbf5065-4497-4717-b787-e6a93ba873d8,DemoExperiment,"{'date': '2020_01_07', 'time': '08_47_53', 'age': '34', 'gender': 'female', 'feedback': 'n/a', 'initial_strategy': 'I honestly went with the one that had most votes.', 'final_strategy': 'I stuck with the most votes since they people were split.', 'instructions_duration': 329241, 'task_duration': 221345, 'engaging': '10', 'difficult': '5', 'pol_orient': '2', 'token': 'GM0WLYSIHW'}","{'rand_cond_order': [1, 2, 3], 'rand_res_stored': [[1, 1, 0], [0, 1, 0], [1, 1, 1]], 'prior_order': [[2, 3], [3, 2], [1, 4]], 'responses': ['64.99999999994', 11.020408163265307, '64.99999999994', 79.59183673469389, '28.63636363634', 40.40816326530612, '31.36363636361', 36.734693877551024, '78.63636363629', 69.79591836734694, '76.81818181811', 72.24489795918367, '16.81818181817', 41.63265306122449, '18.63636363635', 39.183673469387756], 'rand_pos_candidate': [1, 0]}"
180,202065aa-c290-4523-94ab-340267baa92f,DemoExperiment,"{'date': '2020_01_07', 'time': '11_12_33', 'age': '23', 'gender': 'female', 'feedback': 'No', 'initial_strategy': 'I tried to see which had more in their favor from the initial info.', 'final_strategy': ""I tried to incorporate the local's feelings for the candidates, but ultimately ended up going with my gut a lot."", 'instructions_duration': 158980, 'task_duration': 167470, 'engaging': '1', 'difficult': '5', 'pol_orient': '1', 'token': 'DB804LO9AQ'}","{'rand_cond_order': [1, 2, 3], 'rand_res_stored': [[1, 0, 1], [1, 0, 0], [1, 1, 1]], 'prior_order': [[2, 3], [3, 2], [1, 4]], 'responses': ['64.99999999994', 11.020408163265307, '70.45454545448', 44.08163265306123, '64.99999999994', 11.020408163265307, '64.99999999994', 12.244897959183675, '64.99999999994', 11.020408163265307, '64.99999999994', 12.244897959183675, '42.27272727269', 8.571428571428571, '42.27272727269', 11.020408163265307, '56.81818181813', 8.571428571428571, '58.63636363631', 17.142857142857142, '10.45454545454', 104.08163265306122, '11.36363636363', 97.9591836734694], 'rand_pos_candidate': [1, 0]}"
181,b1c13eaf-0afb-438a-82da-675e4ffef395,DemoExperiment,"{'date': '2020_01_07', 'time': '16_23_01', 'age': '26', 'gender': 'female', 'feedback': 'i like the experiment, the way of animation is nice. ', 'initial_strategy': 'i used the strategy, like who did best on test. ', 'final_strategy': 'the favor decision of the persons. ', 'instructions_duration': 967588, 'task_duration': 230455, 'engaging': '10', 'difficult': '4', 'pol_orient': '6', 'token': 'B4IH5WE0FS'}","{'rand_cond_order': [3, 1, 2], 'rand_res_stored': [[0, 0, 0], [1, 0, 0], [1, 0, 1]], 'prior_order': [[2, 3], [3, 2], [1, 4]], 'responses': ['64.99999999994', 11.020408163265307, '67.72727272721', 110.20408163265306, '64.99999999994', 11.020408163265307, '84.09090909083', 105.3061224489796, '64.99999999994', 11.020408163265307, '64.99999999994', 12.244897959183675, '64.99999999994', 11.020408163265307, '64.99999999994', 12.244897959183675, '9.54545454545', 120, '70.45454545448', 110.20408163265306, '24.09090909089', 94.28571428571429, '74.09090909084', 83.26530612244898, '84.99999999992', 108.9795918367347, '10.45454545454', 47.755102040816325], 'rand_pos_candidate': [0, 1]}"
182,dbbe9746-bad4-4549-a447-931860dfaa41,DemoExperiment,"{'date': '2020_01_07', 'time': '11_45_27', 'age': '39', 'gender': 'female', 'feedback': 'no', 'initial_strategy': 'I used how many selection tests they passed compared to each other.', 'final_strategy': 'I used the two voters opinions into consideration.', 'instructions_duration': 641771, 'task_duration': 209720, 'engaging': '6', 'difficult': '7', 'pol_orient': '4', 'token': 'G0AJ10RFIF'}","{'rand_cond_order': [1, 2, 3], 'rand_res_stored': [[1, 0, 1], [0, 0, 1], [1, 1, 1]], 'prior_order': [[2, 3], [3, 2], [1, 4]], 'responses': ['64.99999999994', 11.020408163265307, '67.72727272721', 18.367346938775512, '64.99999999994', 11.020408163265307, '64.99999999994', 12.244897959183675, '64.99999999994', 11.020408163265307, '64.99999999994', 12.244897959183675, '64.99999999994', 11.020408163265307, '64.99999999994', 12.244897959183675, '64.99999999994', 11.020408163265307, '64.99999999994', 12.244897959183675, '64.99999999994', 11.020408163265307, '64.99999999994', 12.244897959183675, '31.36363636361', 40.40816326530612, '32.2727272727', 17.142857142857142, '66.81818181812', 14.693877551020408, '68.6363636363', 17.142857142857142, '18.63636363635', 29.387755102040817, '21.36363636362', 23.26530612244898], 'rand_pos_candidate': [1, 0]}"
183,d0e199bf-330d-40d8-bce4-1119a8b2022f,DemoExperiment,"{'date': '2020_01_07', 'time': '11_48_51', 'age': '32', 'gender': 'male', 'feedback': 'All instructions were very clear and easy to understand.', 'initial_strategy': 'I based my initial recommendation based on which candidate performed better on the 3 initial tests.', 'final_strategy': 'I took into account both the candidates initial testing as well as adding in the two voters preference. If one voter was more confident in the other candidate but the other was less confident in the opposing one that would\'ve resulted in a higher confidence if the first candidate was the initial tests ""winner""', 'instructions_duration': 340810, 'task_duration': 248643, 'engaging': '9', 'difficult': '5', 'pol_orient': '3', 'token': '09KKZIZ9GZ'}","{'rand_cond_order': [3, 1, 2], 'rand_res_stored': [[0, 0, 0], [0, 1, 0], [1, 1, 0]], 'prior_order': [[2, 3], [3, 2], [1, 4]], 'responses': ['64.99999999994', 11.020408163265307, '73.18181818175', 66.12244897959184, '5', 120, '22.27272727271', 90.61224489795919, '31.36363636361', 53.87755102040816, '40.45454545451', 35.51020408163265, '73.18181818175', 35.51020408163265, '68.6363636363', 29.387755102040817], 'rand_pos_candidate': [0, 1]}"
184,54779fdb-1bc2-468c-99ec-43ee85954c36,DemoExperiment,"{'date': '2020_01_07', 'time': '13_15_29', 'age': '32', 'gender': 'female', 'feedback': 'None', 'initial_strategy': 'If the candidate at least passed two out of the three test that was taken.', 'final_strategy': 'With the candidate passing two out of the three tests and a local picked that candidate as well.', 'instructions_duration': 657758, 'task_duration': 547703, 'engaging': '10', 'difficult': '3', 'pol_orient': '4', 'token': 'YN9BP88XIP'}","{'rand_cond_order': [1, 2, 3], 'rand_res_stored': [[1, 0, 0], [1, 1, 0], [0, 0, 0]], 'prior_order': [[2, 3], [3, 2], [1, 4]], 'responses': ['64.99999999994', 11.020408163265307, '73.18181818175', 29.387755102040817, '64.99999999994', 11.020408163265307, '64.99999999994', 12.244897959183675, '31.36363636361', 23.26530612244898, '25.90909090907', 33.06122448979592, '71.36363636357', 19.591836734693878, '78.63636363629', 26.93877551020408, '17.72727272726', 50.204081632653065, '13.18181818181', 60], 'rand_pos_candidate': [0, 1]}"
185,f712ca68-9ab4-434f-943e-3c8671700bc3,DemoExperiment,"{'date': '2020_01_07', 'time': '13_19_13', 'age': '30', 'gender': 'female', 'feedback': 'No, thank you.', 'initial_strategy': 'I based it just on the results of the initial three tests.', 'final_strategy': 'I compared the results of the votes from the people and the initial three tests to try and make a decision.', 'instructions_duration': 1074035, 'task_duration': 242694, 'engaging': '7', 'difficult': '2', 'pol_orient': '2', 'token': 'AGD5YN508W'}","{'rand_cond_order': [2, 3, 1], 'rand_res_stored': [[1, 1, 0], [0, 0, 0], [1, 0, 0]], 'prior_order': [[2, 3], [3, 2], [1, 4]], 'responses': ['64.99999999994', 11.020408163265307, '72.27272727266', 34.285714285714285, '64.99999999994', 11.020408163265307, '64.99999999994', 12.244897959183675, '64.99999999994', 42.85714285714286, '59.5454545454', 30.612244897959183, '20.45454545453', 46.53061224489796, '38.63636363633', 30.612244897959183, '45.90909090905', 20.816326530612244, '48.63636363632', 12.244897959183675], 'rand_pos_candidate': [0, 1]}"
186,d23a3704-c580-44cc-a803-831447d0564c,DemoExperiment,"{'date': '2020_01_07', 'time': '14_13_42', 'age': '28', 'gender': 'male', 'feedback': 'No', 'initial_strategy': 'Based on who did better in polling. ', 'final_strategy': 'Factored in the answers of the two people interviewed. ', 'instructions_duration': 339336, 'task_duration': 134612, 'engaging': '10', 'difficult': '5', 'pol_orient': '1', 'token': '3DIABBY4QI'}","{'rand_cond_order': [2, 3, 1], 'rand_res_stored': [[1, 1, 0], [0, 0, 0], [0, 1, 0]], 'prior_order': [[2, 3], [3, 2], [1, 4]], 'responses': ['64.99999999994', 11.020408163265307, '68.6363636363', 46.53061224489796, '64.99999999994', 11.020408163265307, '64.99999999994', 12.244897959183675, '64.99999999994', 11.020408163265307, '64.99999999994', 12.244897959183675, '68.6363636363', 97.9591836734694, '65.90909090903', 94.28571428571429, '14.99999999999', 111.42857142857143, '24.99999999998', 99.18367346938776, '40.45454545451', 50.204081632653065, '36.81818181815', 62.44897959183674], 'rand_pos_candidate': [0, 1]}"
187,20f21803-fb92-4ff9-8f7f-a5af4cbc5f00,DemoExperiment,"{'date': '2020_01_07', 'time': '13_24_43', 'age': '46', 'gender': 'male', 'feedback': 'It was interesting to try to determine how much weight should be placed with the voters.', 'initial_strategy': 'I went with the initial testing because I trust the testing to give me an reliable initial view of the candidate.', 'final_strategy': ""I used the information from the voters to influence my final vote. I did this because there are things that can't be learned from a test, such as charisma and whether people think someone is knowledgeable, etc. A candidate can make the best commercials on the planet but if they fumble or look dumb during a debate, they won't win."", 'instructions_duration': 500664, 'task_duration': 655349, 'engaging': '5', 'difficult': '3', 'pol_orient': '6', 'token': 'S4NNJ5286J'}","{'rand_cond_order': [1, 3, 2], 'rand_res_stored': [[1, 0, 0], [0, 0, 0], [0, 1, 1]], 'prior_order': [[2, 3], [3, 2], [1, 4]], 'responses': ['64.99999999994', 11.020408163265307, '59.5454545454', 17.142857142857142, '35.90909090906', 17.142857142857142, '59.5454545454', 23.26530612244898, '26.81818181816', 35.51020408163265, '54.99999999995', 17.142857142857142, '59.5454545454', 11.020408163265307, '68.6363636363', 29.387755102040817], 'rand_pos_candidate': [0, 1]}"
188,fb5ff81e-e98b-420f-a172-8448dd54c05b,DemoExperiment,"{'date': '2020_01_07', 'time': '11_29_15', 'age': '66', 'gender': 'male', 'feedback': 'No', 'initial_strategy': 'I decided based upon the results of the three tests; whoever performed better was my preference.', 'final_strategy': 'I still judged gave more credence to how the candidates performed on the three tests, but my preferences were tempered by the two interviews and how confident they were in their beliefs.', 'instructions_duration': 587521, 'task_duration': 876666, 'engaging': '10', 'difficult': '2', 'pol_orient': '6', 'token': 'V02K8ZOBP1'}","{'rand_cond_order': [2, 1, 3], 'rand_res_stored': [[1, 0, 1], [0, 1, 0], [0, 0, 0]], 'prior_order': [[2, 3], [3, 2], [1, 4]], 'responses': ['64.99999999994', 11.020408163265307, '54.99999999995', 23.26530612244898, '65.90909090903', 80.81632653061224, '71.36363636357', 89.38775510204081, '34.09090909088', 80.81632653061224, '44.99999999996', 66.12244897959184, '13.18181818181', 108.9795918367347, '31.36363636361', 84.48979591836735], 'rand_pos_candidate': [0, 1]}"
189,ea790e42-1f19-4e7c-a01b-102f0de8c30e,DemoExperiment,"{'date': '2020_01_07', 'time': '11_37_28', 'age': '27', 'gender': 'male', 'feedback': 'The instructions were a bit unclear in relation to the comprehension questions, and I simply wish there were bulleted points that were easy to digest and less scrolling. ', 'initial_strategy': 'I judged simply off the test performances, selecting the candidate with better testing.', 'final_strategy': 'I weighed how confident people were on the candidates and then adjusted my initial rating off of that. ', 'instructions_duration': 1124060, 'task_duration': 175336, 'engaging': '5', 'difficult': '2', 'pol_orient': '2', 'token': 'P35KAV9RT4'}","{'rand_cond_order': [1, 2, 3], 'rand_res_stored': [[1, 1, 0], [0, 1, 0], [1, 1, 1]], 'prior_order': [[2, 3], [3, 2], [1, 4]], 'responses': ['64.99999999994', 11.020408163265307, '53.18181818177', 14.693877551020408, '64.99999999994', 11.020408163265307, '64.99999999994', 12.244897959183675, '64.99999999994', 11.020408163265307, '64.99999999994', 12.244897959183675, '45.90909090905', 23.26530612244898, '48.63636363632', 11.020408163265307, '60.45454545449', 17.142857142857142, '61.36363636358', 22.040816326530614, '24.99999999998', 46.53061224489796, '36.81818181815', 40.40816326530612], 'rand_pos_candidate': [1, 0]}"
190,b06ff50f-eaf1-4629-b267-2041e549eddc,DemoExperiment,"{'date': '2020_01_07', 'time': '15_03_30', 'age': '37', 'gender': 'female', 'feedback': 'no', 'initial_strategy': 'no', 'final_strategy': 'no', 'instructions_duration': 1477953, 'task_duration': 276274, 'engaging': '7', 'difficult': '2', 'pol_orient': '3', 'token': 'A6LMP1YORJ'}","{'rand_cond_order': [2, 3, 1], 'rand_res_stored': [[0, 0, 1], [1, 1, 1], [1, 1, 0]], 'prior_order': [[2, 3], [3, 2], [1, 4]], 'responses': ['64.99999999994', 11.020408163265307, '76.81818181811', 60, '88.63636363628', 78.36734693877551, '78.63636363629', 64.89795918367346, '5', 97.9591836734694, '18.63636363635', 73.46938775510205, '34.09090909088', 36.734693877551024, '33.18181818179', 30.612244897959183], 'rand_pos_candidate': [1, 0]}"
191,fab4272e-3f7a-4260-ac64-750c116008fd,DemoExperiment,"{'date': '2020_01_07', 'time': '18_25_51', 'age': '66', 'gender': 'male', 'feedback': 'Very nice and interesting experiment !', 'initial_strategy': 'I based on the three tests and the opinion of the two locals.', 'final_strategy': 'I did not have a special strategy apart from the mentioned tests', 'instructions_duration': 2057653, 'task_duration': 696686, 'engaging': '10', 'difficult': '8', 'pol_orient': '6', 'token': 'ZC4SQ3M6KM'}","{'rand_cond_order': [1, 2, 3], 'rand_res_stored': [[0, 0, 1], [1, 0, 1], [0, 0, 0]], 'prior_order': [[2, 3], [3, 2], [1, 4]], 'responses': ['64.99999999994', 11.020408163265307, '64.99999999994', 79.59183673469389, '64.99999999994', 11.020408163265307, '64.99999999994', 79.59183673469389, '64.99999999994', 11.020408163265307, '64.09090909085', 79.59183673469389, '18.63636363635', 96.73469387755102, '26.81818181816', 73.46938775510205, '78.63636363629', 91.83673469387756, '84.09090909083', 82.04081632653062, '17.72727272726', 90.61224489795919, '39.54545454542', 88.16326530612245], 'rand_pos_candidate': [0, 1]}"
192,0d1b84c0-3414-47e7-bafe-a84a11e11f71,DemoExperiment,"{'date': '2020_01_07', 'time': '18_33_11', 'age': '29', 'gender': 'female', 'feedback': 'None at this time.', 'initial_strategy': 'I was never very confident so I kept my confidence low.  I went in favor of the candidate that performed better on the initial tests.', 'final_strategy': 'I decided how strongly in favor the voters were for each candidate but only let it skew me slightly.', 'instructions_duration': 407680, 'task_duration': 319363, 'engaging': '8', 'difficult': '8', 'pol_orient': '4', 'token': 'WTTLNOAD7N'}","{'rand_cond_order': [3, 2, 1], 'rand_res_stored': [[0, 0, 0], [0, 1, 1], [0, 1, 0]], 'prior_order': [[2, 3], [3, 2], [1, 4]], 'responses': ['64.99999999994', 11.020408163265307, '68.6363636363', 25.714285714285715, '21.36363636362', 14.693877551020408, '33.18181818179', 3.673469387755102, '53.18181818177', 1.2244897959183674, '57.72727272722', 3.673469387755102, '47.72727272723', 2.4489795918367347, '45.90909090905', 3.673469387755102], 'rand_pos_candidate': [0, 1]}"
193,36683067-6722-468e-96f9-8cc1a5a9296f,DemoExperiment,"{'date': '2020_01_07', 'time': '16_50_14', 'age': '29', 'gender': 'female', 'feedback': 'N/A', 'initial_strategy': 'I went with who did better on the 3 initial tests.', 'final_strategy': 'I tried going over both the initial tests and the information the two people gave me.', 'instructions_duration': 321316, 'task_duration': 165097, 'engaging': '7', 'difficult': '2', 'pol_orient': '2', 'token': 'ZAD53K95S9'}","{'rand_cond_order': [1, 2, 3], 'rand_res_stored': [[1, 1, 0], [0, 1, 0], [1, 1, 1]], 'prior_order': [[2, 3], [3, 2], [1, 4]], 'responses': ['64.99999999994', 11.020408163265307, '62.27272727267', 19.591836734693878, '33.18181818179', 7.346938775510204, '33.18181818179', 14.693877551020408, '55.90909090904', 7.346938775510204, '56.81818181813', 28.16326530612245, '24.09090909089', 53.87755102040816, '30.45454545452', 33.06122448979592], 'rand_pos_candidate': [1, 0]}"
194,8dcaa96b-a351-43c8-92a7-1280307d6e57,DemoExperiment,"{'date': '2020_01_08', 'time': '09_59_44', 'age': '44', 'gender': 'female', 'feedback': 'None', 'initial_strategy': 'I took into account the three tests and who, out of the three tests, was in the lead.I  ', 'final_strategy': 'I took the info from the tests and combined it with who the locals chose. I then took into account the ratings of their beliefs in each candidate and confidence level. ', 'instructions_duration': 373407, 'task_duration': 408206, 'engaging': '8', 'difficult': '4', 'pol_orient': '3', 'token': 'JMXYQ8KLA9'}","{'rand_cond_order': [3, 2, 1], 'rand_res_stored': [[1, 1, 1], [0, 1, 0], [0, 1, 1]], 'prior_order': [[2, 3], [3, 2], [1, 4]], 'responses': ['64.99999999994', 11.020408163265307, '68.6363636363', 41.63265306122449, '13.18181818181', 90.61224489795919, '31.36363636361', 66.12244897959184, '54.99999999995', 8.571428571428571, '58.63636363631', 18.367346938775512, '44.99999999996', 8.571428571428571, '47.72727272723', 11.020408163265307], 'rand_pos_candidate': [1, 0]}"
196,86bc4210-b817-42ac-8db0-6fc6a6a2b3c6,DemoExperiment,"{'date': '2020_01_08', 'time': '15_31_41', 'age': '28', 'gender': 'male', 'feedback': 'nothign', 'initial_strategy': 'based on the info', 'final_strategy': 'based on the info', 'instructions_duration': 561018, 'task_duration': 92479, 'engaging': '9', 'difficult': '2', 'pol_orient': '6', 'token': 'G0ICX6HT39'}","{'rand_cond_order': [2, 3, 1], 'rand_res_stored': [[1, 0, 1], [0, 0, 0], [1, 0, 0]], 'prior_order': [[2, 3], [3, 2], [1, 4]], 'responses': ['64.99999999994', 11.020408163265307, '65.90909090903', 22.040816326530614, '64.99999999994', 11.020408163265307, '64.99999999994', 12.244897959183675, '64.99999999994', 11.020408163265307, '64.99999999994', 12.244897959183675, '64.99999999994', 11.020408163265307, '64.99999999994', 12.244897959183675, '57.72727272722', 85.71428571428572, '64.99999999994', 95.51020408163265, '56.81818181813', 84.48979591836735, '65.90909090903', 86.93877551020408, '61.36363636358', 79.59183673469389, '14.99999999999', 88.16326530612245], 'rand_pos_candidate': [0, 1]}"
197,4ce29a79-b935-453a-9eb9-dff84706c8c6,DemoExperiment,"{'date': '2020_01_08', 'time': '09_33_35', 'age': '20', 'gender': 'male', 'feedback': 'no', 'initial_strategy': 'slight favor of the better tester', 'final_strategy': 'weigh interview and tests equally', 'instructions_duration': 374084, 'task_duration': 149091, 'engaging': '7', 'difficult': '3', 'pol_orient': '6', 'token': 'GDF9ZUQ62V'}","{'rand_cond_order': [3, 1, 2], 'rand_res_stored': [[1, 1, 1], [1, 1, 0], [1, 0, 0]], 'prior_order': [[2, 3], [3, 2], [1, 4]], 'responses': ['64.99999999994', 11.020408163265307, '69.54545454539', 29.387755102040817, '64.99999999994', 11.020408163265307, '64.99999999994', 12.244897959183675, '64.99999999994', 11.020408163265307, '64.99999999994', 12.244897959183675, '64.99999999994', 11.020408163265307, '64.99999999994', 12.244897959183675, '25.90909090907', 30.612244897959183, '39.54545454542', 20.816326530612244, '47.72727272723', 23.26530612244898, '50.4545454545', 15.918367346938776, '60.45454545449', 24.48979591836735, '54.99999999995', 19.591836734693878], 'rand_pos_candidate': [1, 0]}"
198,01520d5f-f3fe-48d4-93d3-e6e60428c697,DemoExperiment,"{'date': '2020_01_08', 'time': '11_26_57', 'age': '30', 'gender': 'female', 'feedback': 'None', 'initial_strategy': 'I preferred the one that scored well on the most tests.', 'final_strategy': 'If there was mixed reviews, it made me less confident if my initial answer.', 'instructions_duration': 542524, 'task_duration': 317451, 'engaging': '10', 'difficult': '3', 'pol_orient': '1', 'token': 'ORBA4HURG9'}","{'rand_cond_order': [3, 1, 2], 'rand_res_stored': [[1, 1, 1], [1, 1, 0], [1, 0, 0]], 'prior_order': [[2, 3], [3, 2], [1, 4]], 'responses': ['64.99999999994', 11.020408163265307, '66.81818181812', 33.06122448979592, '31.36363636361', 35.51020408163265, '36.81818181815', 33.06122448979592, '40.45454545451', 25.714285714285715, '38.63636363633', 23.26530612244898, '59.5454545454', 25.714285714285715, '57.72727272722', 20.816326530612244], 'rand_pos_candidate': [1, 0]}"
199,1d5ab3a3-7cbf-4c9e-927c-dd229973d5ab,DemoExperiment,"{'date': '2020_01_08', 'time': '12_04_42', 'age': '32', 'gender': 'female', 'feedback': 'this was fun thank you', 'initial_strategy': 'If it was 2 to 1 i leaned more towards the one that got the 2. The other was 3 to 0 so that was the easier choice then. ', 'final_strategy': 'I took what people thought into consideration, but the one that weighed the most to me was both that went to the same meeting.  The one where someone talked to someone else made me change a little bit because I feel like if someone is speaking to you favorably about a candidate but you still choose the other, there might be a good reason. ', 'instructions_duration': 410361, 'task_duration': 319385, 'engaging': '7', 'difficult': '2', 'pol_orient': '1', 'token': 'STYJULC9RX'}","{'rand_cond_order': [3, 1, 2], 'rand_res_stored': [[1, 1, 1], [0, 1, 1], [0, 0, 1]], 'prior_order': [[2, 3], [3, 2], [1, 4]], 'responses': ['64.99999999994', 11.020408163265307, '73.18181818175', 41.63265306122449, '64.99999999994', 11.020408163265307, '64.99999999994', 12.244897959183675, '22.27272727271', 62.44897959183674, '31.36363636361', 52.6530612244898, '44.09090909087', 24.48979591836735, '48.63636363632', 15.918367346938776, '59.5454545454', 35.51020408163265, '64.09090909085', 41.63265306122449], 'rand_pos_candidate': [1, 0]}"
200,ec8d7719-c264-4dc0-824a-0b8868f9cf59,DemoExperiment,"{'date': '2020_01_08', 'time': '11_50_48', 'age': '43', 'gender': 'female', 'feedback': 'No', 'initial_strategy': 'I focused on their test results.', 'final_strategy': 'I looked at the belief score and the confidence score of the local voter. If they felt stronger, I tended to trust them more.', 'instructions_duration': 426687, 'task_duration': 379453, 'engaging': '9', 'difficult': '2', 'pol_orient': '5', 'token': '8H1SAXYY0B'}","{'rand_cond_order': [3, 2, 1], 'rand_res_stored': [[1, 1, 1], [0, 1, 0], [0, 1, 1]], 'prior_order': [[2, 3], [3, 2], [1, 4]], 'responses': ['64.99999999994', 11.020408163265307, '69.54545454539', 23.26530612244898, '27.72727272725', 46.53061224489796, '23.1818181818', 52.6530612244898, '60.45454545449', 15.918367346938776, '67.72727272721', 23.26530612244898, '29.54545454543', 19.591836734693878, '36.81818181815', 14.693877551020408], 'rand_pos_candidate': [1, 0]}"
201,80f4123a-be0e-4e67-8730-be81181e231a,DemoExperiment,"{'date': '2020_01_08', 'time': '13_31_02', 'age': '30', 'gender': 'male', 'feedback': 'This was an interesting thought experiment. It was fun to be in the decision makers chair on who might be recommended for office.', 'initial_strategy': 'I led more toward the selection study results.', 'final_strategy': 'I took into account the two people who attended debates and whether they had spoken or attended the same debate. Their feedback, specifically their confidence, was very important in my decision.', 'instructions_duration': 1016813, 'task_duration': 431776, 'engaging': '10', 'difficult': '3', 'pol_orient': '2', 'token': '9FWX425DT3'}","{'rand_cond_order': [3, 1, 2], 'rand_res_stored': [[0, 0, 0], [1, 0, 0], [1, 0, 1]], 'prior_order': [[2, 3], [3, 2], [1, 4]], 'responses': ['64.99999999994', 11.020408163265307, '68.6363636363', 47.755102040816325, '17.72727272726', 96.73469387755102, '35.90909090906', 53.87755102040816, '35.90909090906', 41.63265306122449, '44.99999999996', 29.387755102040817, '54.99999999995', 23.26530612244898, '54.99999999995', 17.142857142857142], 'rand_pos_candidate': [0, 1]}"
202,1bb53b3f-9c3e-4ec7-924c-fb8a7df02cd4,DemoExperiment,"{'date': '2020_01_08', 'time': '14_17_11', 'age': '42', 'gender': 'male', 'feedback': 'None', 'initial_strategy': 'I decided between the candidates with my initial recommendation by seeing who did better on the tests. Whoever did better, and by how many times better (if one person was better in all 3, or if better in 2 of the 3) is how i gauged my recommendation. If they were better in all 3 tests then my confidence and recommendation was higher. If they were only better in 2 of 3, then the recommendations were closer.', 'final_strategy': 'In my final recommendation I used the same strategy as stated in my initial recommendation. Then I added in what the locals thought, and made the appropriate changes.', 'instructions_duration': 649024, 'task_duration': 638137, 'engaging': '9', 'difficult': '1', 'pol_orient': '4', 'token': '6EFU20UJV1'}","{'rand_cond_order': [1, 2, 3], 'rand_res_stored': [[1, 0, 1], [0, 1, 0], [1, 1, 1]], 'prior_order': [[2, 3], [3, 2], [1, 4]], 'responses': ['64.99999999994', 11.020408163265307, '82.27272727265', 83.26530612244898, '31.36363636361', 23.26530612244898, '26.81818181816', 17.142857142857142, '59.5454545454', 23.26530612244898, '68.6363636363', 35.51020408163265, '26.81818181816', 47.755102040816325, '35.90909090906', 35.51020408163265], 'rand_pos_candidate': [1, 0]}"
203,b30613de-29d7-40d3-b118-b40c38ca2567,DemoExperiment,"{'date': '2020_01_08', 'time': '15_32_37', 'age': '33', 'gender': 'male', 'feedback': 'None', 'initial_strategy': 'I based my initial recommendation off the total number of selection tests each candidate had; if a candidate had more support from selection tests, I would recommend that candidate over the competition', 'final_strategy': 'I lowered my confidence levels, but never revised my choice when providing my final recommendation.', 'instructions_duration': 381525, 'task_duration': 552035, 'engaging': '3', 'difficult': '6', 'pol_orient': '2', 'token': '96WP5HIPKK'}","{'rand_cond_order': [1, 2, 3], 'rand_res_stored': [[0, 1, 1], [1, 0, 0], [1, 1, 1]], 'prior_order': [[2, 3], [3, 2], [1, 4]], 'responses': ['64.99999999994', 11.020408163265307, '64.99999999994', 60, '40.45454545451', 90.61224489795919, '40.45454545451', 60, '59.5454545454', 90.61224489795919, '59.5454545454', 60, '22.27272727271', 90.61224489795919, '22.27272727271', 78.36734693877551], 'rand_pos_candidate': [1, 0]}"
204,e34aa6de-d1d6-46be-aa90-250c5460c2f2,DemoExperiment,"{'date': '2020_01_08', 'time': '15_34_12', 'age': '32', 'gender': 'female', 'feedback': 'No.', 'initial_strategy': 'The test results helped me decide.', 'final_strategy': 'The test results still mainly helped me decide my choice but I did take the voters that I interviewed into mind.', 'instructions_duration': 506831, 'task_duration': 183712, 'engaging': '9', 'difficult': '0', 'pol_orient': '4', 'token': 'HP9A9CFEVR'}","{'rand_cond_order': [1, 3, 2], 'rand_res_stored': [[0, 1, 1], [1, 1, 1], [0, 0, 1]], 'prior_order': [[2, 3], [3, 2], [1, 4]], 'responses': ['64.99999999994', 11.020408163265307, '74.09090909084', 47.755102040816325, '64.99999999994', 11.020408163265307, '64.99999999994', 12.244897959183675, '64.99999999994', 11.020408163265307, '64.99999999994', 12.244897959183675, '36.81818181815', 23.26530612244898, '33.18181818179', 20.816326530612244, '17.72727272726', 47.755102040816325, '16.81818181817', 45.30612244897959, '59.5454545454', 17.142857142857142, '63.18181818176', 23.26530612244898], 'rand_pos_candidate': [1, 0]}"
205,8556410b-4ee0-4cc5-89c1-ae844154afdd,DemoExperiment,"{'date': '2020_01_08', 'time': '13_34_47', 'age': '28', 'gender': 'male', 'feedback': 'No', 'initial_strategy': 'I observed who won out of the three', 'final_strategy': 'I observed the initial recommendation and who won out of the 3 and then I reviewed the final recommendation by comparing who leans more which candidate', 'instructions_duration': 938829, 'task_duration': 210397, 'engaging': '7', 'difficult': '0', 'pol_orient': '6', 'token': '20SDGUD6YE'}","{'rand_cond_order': [3, 2, 1], 'rand_res_stored': [[1, 1, 1], [1, 0, 0], [1, 0, 1]], 'prior_order': [[2, 3], [3, 2], [1, 4]], 'responses': ['64.99999999994', 11.020408163265307, '68.6363636363', 29.387755102040817, '64.99999999994', 11.020408163265307, '64.99999999994', 12.244897959183675, '64.99999999994', 11.020408163265307, '64.99999999994', 12.244897959183675, '64.99999999994', 11.020408163265307, '64.99999999994', 12.244897959183675, '64.99999999994', 11.020408163265307, '64.99999999994', 12.244897959183675, '64.99999999994', 11.020408163265307, '64.99999999994', 12.244897959183675, '64.99999999994', 11.020408163265307, '64.99999999994', 12.244897959183675, '64.99999999994', 11.020408163265307, '64.99999999994', 12.244897959183675, '13.18181818181', 96.73469387755102, '22.27272727271', 102.85714285714286, '67.72727272721', 28.16326530612245, '43.18181818178', 34.285714285714285, '32.2727272727', 37.95918367346939, '14.0909090909', 75.91836734693878], 'rand_pos_candidate': [1, 0]}"
206,d9605763-78a2-4a49-94f8-ae6dfedb49bc,DemoExperiment,"{'date': '2020_01_08', 'time': '14_35_39', 'age': '45', 'gender': 'female', 'feedback': 'I enjoyed the task. It was interesting.', 'initial_strategy': 'In my initial recommendations, I went with whoever did better on the selection tests. I chose the one who had two out of three on the selection tests.', 'final_strategy': 'It was honestly difficult to give some of the final recommendations as it was hard to tell who was the better candidate. In my final recommendation, I tried, however, to look at who did better in the selection tests as well as who scored better on the interview findings. I felt that the third one was easier because Eva knew everything about what Tom had learned so she was better informed, and I felt was more knowledgeable so it made that one easier to decide.', 'instructions_duration': 590854, 'task_duration': 692221, 'engaging': '10', 'difficult': '5', 'pol_orient': '4', 'token': 'PM7CTSCLLE'}","{'rand_cond_order': [1, 3, 2], 'rand_res_stored': [[1, 0, 0], [0, 0, 0], [0, 1, 1]], 'prior_order': [[2, 3], [3, 2], [1, 4]], 'responses': ['64.99999999994', 11.020408163265307, '77.7272727272', 72.24489795918367, '31.36363636361', 17.142857142857142, '26.81818181816', 47.755102040816325, '22.27272727271', 84.48979591836735, '40.45454545451', 29.387755102040817, '68.6363636363', 23.26530612244898, '77.7272727272', 72.24489795918367], 'rand_pos_candidate': [0, 1]}"
207,ed3be361-e4eb-4d87-bccf-dc33d84385bf,DemoExperiment,"{'date': '2020_01_08', 'time': '15_36_06', 'age': '57', 'gender': 'female', 'feedback': 'Not really it was fun. ', 'initial_strategy': 'I tried to go with the information provided and a hunch. ', 'final_strategy': 'Pretty much the same, information provided and a hunch. ', 'instructions_duration': 849393, 'task_duration': 246424, 'engaging': '10', 'difficult': '7', 'pol_orient': '2', 'token': 'GR07JWGBFM'}","{'rand_cond_order': [1, 3, 2], 'rand_res_stored': [[0, 1, 0], [0, 0, 0], [0, 1, 1]], 'prior_order': [[2, 3], [3, 2], [1, 4]], 'responses': ['64.99999999994', 11.020408163265307, '50.4545454545', 24.48979591836735, '64.99999999994', 11.020408163265307, '49.54545454541', 12.244897959183675, '64.99999999994', 11.020408163265307, '64.99999999994', 12.244897959183675, '31.36363636361', 14.693877551020408, '38.63636363633', 14.693877551020408, '19.54545454544', 19.591836734693878, '23.1818181818', 19.591836734693878, '64.99999999994', 7.346938775510204, '63.18181818176', 11.020408163265307], 'rand_pos_candidate': [0, 1]}"
208,36c96056-8bc7-4947-9d15-3b02dfac47bb,DemoExperiment,"{'date': '2020_01_08', 'time': '12_38_22', 'age': '35', 'gender': 'female', 'feedback': 'No comments', 'initial_strategy': 'No strategy, kinda just went by who seemed more popular.', 'final_strategy': 'Added findings from the interview into my final decision.', 'instructions_duration': 1020353, 'task_duration': 593135, 'engaging': '10', 'difficult': '8', 'pol_orient': '1', 'token': 'LYZ31MJUT6'}","{'rand_cond_order': [2, 1, 3], 'rand_res_stored': [[1, 0, 1], [1, 0, 0], [0, 0, 0]], 'prior_order': [[2, 3], [3, 2], [1, 4]], 'responses': ['64.99999999994', 11.020408163265307, '40.45454545451', 23.26530612244898, '64.99999999994', 11.020408163265307, '40.45454545451', 12.244897959183675, '68.6363636363', 66.12244897959184, '68.6363636363', 72.24489795918367, '44.99999999996', 66.12244897959184, '40.45454545451', 72.24489795918367, '22.27272727271', 90.61224489795919, '22.27272727271', 84.48979591836735], 'rand_pos_candidate': [0, 1]}"
209,2c965497-5d25-4dbf-9998-437b738b1073,DemoExperiment,"{'date': '2020_01_08', 'time': '15_39_34', 'age': '50', 'gender': 'male', 'feedback': 'No, thank you for asking.', 'initial_strategy': 'Not really, there was not a lot of information in the beginning, it had to be viewed as a whole.', 'final_strategy': 'Really which ever one was stronger in the beginning that was supported in the end was the way I went with the final recommendation. ', 'instructions_duration': 418627, 'task_duration': 300800, 'engaging': '9', 'difficult': '3', 'pol_orient': '5', 'token': 'F0SG85OVYO'}","{'rand_cond_order': [3, 2, 1], 'rand_res_stored': [[1, 1, 1], [0, 1, 0], [0, 1, 1]], 'prior_order': [[2, 3], [3, 2], [1, 4]], 'responses': ['64.99999999994', 11.020408163265307, '64.99999999994', 29.387755102040817, '24.99999999998', 36.734693877551024, '40.45454545451', 53.87755102040816, '64.99999999994', 23.26530612244898, '57.72727272722', 52.6530612244898, '36.81818181815', 22.040816326530614, '43.18181818178', 28.16326530612245], 'rand_pos_candidate': [1, 0]}"
210,59fade65-81d9-4602-aaf8-999a17df76e7,DemoExperiment,"{'date': '2020_01_08', 'time': '15_46_54', 'age': '39', 'gender': 'male', 'feedback': 'Interesting experiment though a bit long.', 'initial_strategy': 'I tried to go with my gut feeling and use the information that was available to me.', 'final_strategy': 'I tried to go off what the locals would prefer since they would be the ones voting.', 'instructions_duration': 357087, 'task_duration': 516673, 'engaging': '8', 'difficult': '5', 'pol_orient': '3', 'token': 'L37C95T63R'}","{'rand_cond_order': [2, 1, 3], 'rand_res_stored': [[1, 1, 0], [1, 0, 0], [0, 0, 0]], 'prior_order': [[2, 3], [3, 2], [1, 4]], 'responses': ['64.99999999994', 11.020408163265307, '59.5454545454', 41.63265306122449, '68.6363636363', 30.612244897959183, '72.27272727266', 39.183673469387756, '34.99999999997', 24.48979591836735, '32.2727272727', 19.591836734693878, '26.81818181816', 45.30612244897959, '24.09090909089', 52.6530612244898], 'rand_pos_candidate': [0, 1]}"
211,64224497-1537-4f03-bce3-2814dc4f646c,DemoExperiment,"{'date': '2020_01_08', 'time': '15_52_21', 'age': '45', 'gender': 'male', 'feedback': 'Unique hit....was very interesting', 'initial_strategy': 'I favored the candidate who passed the first of the extra tests.', 'final_strategy': 'I choose the candidate that passed the most number of tests overall', 'instructions_duration': 500656, 'task_duration': 435611, 'engaging': '8', 'difficult': '3', 'pol_orient': '3', 'token': '8MSTGYGKDD'}","{'rand_cond_order': [2, 1, 3], 'rand_res_stored': [[1, 0, 0], [1, 1, 0], [1, 1, 1]], 'prior_order': [[2, 3], [3, 2], [1, 4]], 'responses': ['64.99999999994', 11.020408163265307, '71.36363636357', 91.83673469387756, '64.99999999994', 11.020408163265307, '64.99999999994', 82.04081632653062, '73.18181818175', 30.612244897959183, '68.6363636363', 61.224489795918366, '25.90909090907', 28.16326530612245, '21.36363636362', 36.734693877551024, '13.18181818181', 60, '9.54545454545', 80.81632653061224], 'rand_pos_candidate': [1, 0]}"
212,344d7fde-8afa-4a9d-bcca-7311ee81808a,DemoExperiment,"{'date': '2020_01_08', 'time': '15_56_36', 'age': '38', 'gender': 'male', 'feedback': 'I wish we knew more about what the issues were.', 'initial_strategy': ""I recommended the one that won more tests.  There wasn't much other information."", 'final_strategy': 'I looked at the graph for both voters combined with initial responses.', 'instructions_duration': 260917, 'task_duration': 269890, 'engaging': '5', 'difficult': '2', 'pol_orient': '1', 'token': 'DNI1QEKYL6'}","{'rand_cond_order': [1, 2, 3], 'rand_res_stored': [[0, 0, 1], [1, 0, 1], [0, 0, 0]], 'prior_order': [[2, 3], [3, 2], [1, 4]], 'responses': ['64.99999999994', 11.020408163265307, '80.45454545447', 69.79591836734694, '26.81818181816', 17.142857142857142, '33.18181818179', 75.91836734693878, '66.81818181812', 17.142857142857142, '68.6363636363', 63.673469387755105, '24.99999999998', 26.93877551020408, '34.99999999997', 69.79591836734694], 'rand_pos_candidate': [0, 1]}"
213,b7765b07-1e31-45f1-9ae5-7ce9add2c464,DemoExperiment,"{'date': '2020_01_08', 'time': '13_60_01', 'age': '26', 'gender': 'male', 'feedback': 'no', 'initial_strategy': 'intuition', 'final_strategy': 'intuition', 'instructions_duration': 250823, 'task_duration': 54815, 'engaging': '5', 'difficult': '5', 'pol_orient': '2', 'token': 'L7TB04AV1W'}","{'rand_cond_order': [1, 3, 2], 'rand_res_stored': [[0, 1, 0], [0, 0, 0], [1, 0, 1]], 'prior_order': [[2, 3], [3, 2], [1, 4]], 'responses': ['64.99999999994', 11.020408163265307, '94.99999999991', 120, '64.99999999994', 11.020408163265307, '64.99999999994', 12.244897959183675, '64.99999999994', 11.020408163265307, '57.72727272722', 12.244897959183675, '64.99999999994', 11.020408163265307, '64.99999999994', 12.244897959183675, '66.81818181812', 58.775510204081634, '53.18181818177', 71.0204081632653, '28.63636363634', 60, '44.99999999996', 51.42857142857143, '59.5454545454', 64.89795918367346, '64.09090909085', 67.34693877551021], 'rand_pos_candidate': [0, 1]}"
214,46333beb-c077-47e0-931d-ab5dcf5335d9,DemoExperiment,"{'date': '2020_01_08', 'time': '16_05_01', 'age': '40', 'gender': 'male', 'feedback': 'no', 'initial_strategy': 'Followed example of senior consoltant', 'final_strategy': 'Adjusted only slightly based on voter views', 'instructions_duration': 2142037, 'task_duration': 239214, 'engaging': '8', 'difficult': '5', 'pol_orient': '4', 'token': 'HJD96VCEZ4'}","{'rand_cond_order': [2, 3, 1], 'rand_res_stored': [[1, 1, 0], [0, 0, 0], [0, 0, 1]], 'prior_order': [[2, 3], [3, 2], [1, 4]], 'responses': ['64.99999999994', 11.020408163265307, '68.6363636363', 41.63265306122449, '64.99999999994', 11.020408163265307, '64.99999999994', 12.244897959183675, '64.99999999994', 11.020408163265307, '64.99999999994', 12.244897959183675, '71.36363636357', 22.040816326530614, '55.90909090904', 9.795918367346939, '11.36363636363', 58.775510204081634, '17.72727272726', 56.3265306122449, '33.18181818179', 11.020408163265307, '44.09090909087', 23.26530612244898], 'rand_pos_candidate': [0, 1]}"
215,c8e6941a-a15c-4b52-abda-53a89df4a3a7,DemoExperiment,"{'date': '2020_01_08', 'time': '16_09_27', 'age': '39', 'gender': 'male', 'feedback': 'none', 'initial_strategy': 'I based my recommendations on the initial test results. ', 'final_strategy': 'I used the initial test results and the interviews. ', 'instructions_duration': 394977, 'task_duration': 176170, 'engaging': '9', 'difficult': '5', 'pol_orient': '4', 'token': 'Z1G8H8DE6A'}","{'rand_cond_order': [2, 1, 3], 'rand_res_stored': [[0, 1, 0], [1, 0, 1], [1, 1, 1]], 'prior_order': [[2, 3], [3, 2], [1, 4]], 'responses': ['64.99999999994', 11.020408163265307, '70.45454545448', 69.79591836734694, '64.99999999994', 11.020408163265307, '64.99999999994', 12.244897959183675, '68.6363636363', 57.55102040816327, '69.54545454539', 74.6938775510204, '62.27272727267', 58.775510204081634, '70.45454545448', 74.6938775510204, '77.7272727272', 82.04081632653062, '83.18181818174', 89.38775510204081], 'rand_pos_candidate': [1, 0]}"
216,327d85bc-95ad-45cb-bc6f-05b590255964,DemoExperiment,"{'date': '2020_01_08', 'time': '16_19_15', 'age': '25', 'gender': 'male', 'feedback': 'This was a very interesting experiment. I felt that it was enjoyable going through the country and evaluating people.', 'initial_strategy': 'I looked at the first tests. The third test was very important when the first couple of tests produced a split result. ', 'final_strategy': ""I looked at the tests at the beginning. I also looked at the two locals. I also looked at when they went to the debate and if anyone had any knowledge about the other's opinions. There was an instance where a local shared their opinion with the other local. This is important information."", 'instructions_duration': 1433535, 'task_duration': 527174, 'engaging': '10', 'difficult': '6', 'pol_orient': '2', 'token': '9K78OOU7VY'}","{'rand_cond_order': [1, 3, 2], 'rand_res_stored': [[1, 0, 0], [0, 0, 0], [0, 1, 1]], 'prior_order': [[2, 3], [3, 2], [1, 4]], 'responses': ['64.99999999994', 11.020408163265307, '68.6363636363', 47.755102040816325, '64.99999999994', 11.020408163265307, '64.99999999994', 12.244897959183675, '64.99999999994', 11.020408163265307, '64.99999999994', 12.244897959183675, '64.99999999994', 11.020408163265307, '64.99999999994', 12.244897959183675, '64.99999999994', 11.020408163265307, '64.99999999994', 12.244897959183675, '64.99999999994', 11.020408163265307, '64.99999999994', 12.244897959183675, '64.99999999994', 11.020408163265307, '64.99999999994', 12.244897959183675, '41.3636363636', 47.755102040816325, '38.63636363633', 52.6530612244898, '14.99999999999', 99.18367346938776, '26.81818181816', 90.61224489795919, '64.09090909085', 85.71428571428572, '61.36363636358', 82.04081632653062], 'rand_pos_candidate': [0, 1]}"
217,aaf9dcc6-7f22-4768-b025-0cc2de55940a,DemoExperiment,"{'date': '2020_01_08', 'time': '13_20_47', 'age': '35', 'gender': 'female', 'feedback': 'It would be helpful when introducing the names to make the first name on the left and the second name on the right.', 'initial_strategy': 'My initial recommendations skewed toward the candidate that scored higher on the most tests.', 'final_strategy': 'I tried to base my final recommendation on what the voters thought.', 'instructions_duration': 497456, 'task_duration': 477179, 'engaging': '6', 'difficult': '5', 'pol_orient': '2', 'token': 'AL45NKO4R0'}","{'rand_cond_order': [1, 2, 3], 'rand_res_stored': [[1, 1, 0], [0, 0, 1], [1, 1, 1]], 'prior_order': [[2, 3], [3, 2], [1, 4]], 'responses': ['64.99999999994', 11.020408163265307, '68.6363636363', 29.387755102040817, '64.99999999994', 11.020408163265307, '64.99999999994', 12.244897959183675, '64.99999999994', 11.020408163265307, '64.99999999994', 12.244897959183675, '31.36363636361', 4.8979591836734695, '40.45454545451', 4.8979591836734695, '64.09090909085', 8.571428571428571, '65.90909090903', 11.020408163265307, '31.36363636361', 11.020408163265307, '40.45454545451', 8.571428571428571], 'rand_pos_candidate': [1, 0]}"
218,198bde03-0b3c-4092-a68f-972c114787fb,DemoExperiment,"{'date': '2020_01_08', 'time': '16_22_23', 'age': '63', 'gender': 'male', 'feedback': 'no', 'initial_strategy': 'weighted toward the winner of the first set of tests', 'final_strategy': 'I tried to take the interviewees opinions into account, and adjust accordingly', 'instructions_duration': 290066, 'task_duration': 329550, 'engaging': '8', 'difficult': '2', 'pol_orient': '4', 'token': 'G3RTOOYDOQ'}","{'rand_cond_order': [2, 1, 3], 'rand_res_stored': [[0, 1, 1], [0, 1, 0], [0, 0, 0]], 'prior_order': [[2, 3], [3, 2], [1, 4]], 'responses': ['64.99999999994', 11.020408163265307, '68.6363636363', 23.26530612244898, '59.5454545454', 17.142857142857142, '64.09090909085', 29.387755102040817, '64.99999999994', 17.142857142857142, '64.99999999994', 29.387755102040817, '73.18181818175', 47.755102040816325, '73.18181818175', 53.87755102040816], 'rand_pos_candidate': [0, 1]}"
219,c0a0d37f-4659-47c5-a6d4-d50cb4898adf,DemoExperiment,"{'date': '2020_01_08', 'time': '15_23_12', 'age': '37', 'gender': 'male', 'feedback': 'No.', 'initial_strategy': 'I relied on my intuition.', 'final_strategy': 'I relied on my intuition.', 'instructions_duration': 196869, 'task_duration': 253087, 'engaging': '5', 'difficult': '0', 'pol_orient': '6', 'token': '5RJUGS2ED0'}","{'rand_cond_order': [1, 3, 2], 'rand_res_stored': [[0, 1, 1], [1, 1, 1], [1, 0, 0]], 'prior_order': [[2, 3], [3, 2], [1, 4]], 'responses': ['64.99999999994', 11.020408163265307, '73.18181818175', 29.387755102040817, '37.72727272724', 18.367346938775512, '36.81818181815', 12.244897959183675, '10.45454545454', 29.387755102040817, '23.1818181818', 19.591836734693878, '59.5454545454', 9.795918367346939, '65.90909090903', 19.591836734693878], 'rand_pos_candidate': [1, 0]}"
220,8e123652-f7ce-4e7b-a76c-ab5bed4e017e,DemoExperiment,"{'date': '2020_01_08', 'time': '16_28_29', 'age': '24', 'gender': 'male', 'feedback': ""I don't have any other comments regarding the experiment"", 'initial_strategy': 'I looked at the tests and the rest of the information', 'final_strategy': 'Test results and local information', 'instructions_duration': 372282, 'task_duration': 124706, 'engaging': '8', 'difficult': '0', 'pol_orient': '6', 'token': '3OLN90WQBN'}","{'rand_cond_order': [1, 3, 2], 'rand_res_stored': [[1, 0, 0], [0, 0, 0], [1, 0, 1]], 'prior_order': [[2, 3], [3, 2], [1, 4]], 'responses': ['64.99999999994', 11.020408163265307, '68.6363636363', 94.28571428571429, '26.81818181816', 91.83673469387756, '23.1818181818', 100.40816326530613, '11.36363636363', 111.42857142857143, '12.27272727272', 115.10204081632654, '67.72727272721', 96.73469387755102, '71.36363636357', 100.40816326530613], 'rand_pos_candidate': [0, 1]}"
221,c89f7e3a-d1a1-47d0-a201-0e38b822d7be,DemoExperiment,"{'date': '2020_01_08', 'time': '16_38_12', 'age': '24', 'gender': 'female', 'feedback': 'No comments.', 'initial_strategy': 'I just tried to choose the one that had done better on the tests.', 'final_strategy': 'I looked at which candidate seemed to be ""better"" overall, based on the tests and the individual people\'s opinions on who they favored. ', 'instructions_duration': 427506, 'task_duration': 372956, 'engaging': '7', 'difficult': '1', 'pol_orient': '2', 'token': 'VROIPJWC0W'}","{'rand_cond_order': [1, 3, 2], 'rand_res_stored': [[0, 1, 0], [0, 0, 0], [1, 0, 1]], 'prior_order': [[2, 3], [3, 2], [1, 4]], 'responses': ['64.99999999994', 11.020408163265307, '79.54545454538', 29.387755102040817, '18.63636363635', 45.30612244897959, '24.09090909089', 22.040816326530614, '8.63636363636', 96.73469387755102, '13.18181818181', 78.36734693877551, '73.18181818175', 46.53061224489796, '62.27272727267', 23.26530612244898], 'rand_pos_candidate': [0, 1]}"
222,2d0685bf-0ee7-4cb4-931b-e72407d96a40,DemoExperiment,"{'date': '2020_01_08', 'time': '14_41_15', 'age': '48', 'gender': 'male', 'feedback': 'n', 'initial_strategy': 'used baselines provided previously to adjust recs based the the data provided.', 'final_strategy': 'whatever the tests and interviews revealed dictated my scoring.', 'instructions_duration': 320681, 'task_duration': 282720, 'engaging': '2', 'difficult': '0', 'pol_orient': '2', 'token': 'FFUPOR47MG'}","{'rand_cond_order': [1, 2, 3], 'rand_res_stored': [[0, 1, 1], [1, 0, 0], [1, 1, 1]], 'prior_order': [[2, 3], [3, 2], [1, 4]], 'responses': ['64.99999999994', 11.020408163265307, '68.6363636363', 13.46938775510204, '64.99999999994', 11.020408163265307, '64.99999999994', 12.244897959183675, '35.90909090906', 15.918367346938776, '40.45454545451', 9.795918367346939, '64.99999999994', 18.367346938775512, '68.6363636363', 23.26530612244898, '21.36363636362', 66.12244897959184, '24.99999999998', 48.9795918367347], 'rand_pos_candidate': [1, 0]}"
223,99d61853-7711-487f-9205-5e77ff5afb06,DemoExperiment,"{'date': '2020_01_08', 'time': '16_55_41', 'age': '45', 'gender': 'male', 'feedback': 'It was fun I enjoyed it.. After this, I think I am ready to start a new political consulting job.', 'initial_strategy': 'I went with the results from the three tests since in every one they came out equal in everything else.', 'final_strategy': ""The same way..Now if the tests had gone one way, and the voter results had gone another, I would have had to revise my criteria. But it didn't so I didn't."", 'instructions_duration': 912714, 'task_duration': 1037644, 'engaging': '9', 'difficult': '2', 'pol_orient': '3', 'token': 'IF0FOAFXXJ'}","{'rand_cond_order': [2, 1, 3], 'rand_res_stored': [[1, 0, 0], [1, 1, 0], [1, 1, 1]], 'prior_order': [[2, 3], [3, 2], [1, 4]], 'responses': ['64.99999999994', 11.020408163265307, '68.6363636363', 84.48979591836735, '64.99999999994', 11.020408163265307, '64.99999999994', 84.48979591836735, '66.81818181812', 47.755102040816325, '68.6363636363', 108.9795918367347, '26.81818181816', 23.26530612244898, '25.90909090907', 108.9795918367347, '33.18181818179', 96.73469387755102, '22.27272727271', 115.10204081632654], 'rand_pos_candidate': [1, 0]}"
224,956c04e0-009e-4714-a7c4-cca51cc02e19,DemoExperiment,"{'date': '2020_01_08', 'time': '15_56_60', 'age': '25', 'gender': 'male', 'feedback': 'NA', 'initial_strategy': 'I used a combination of the info given and my gut feeling.', 'final_strategy': 'The same as above, but I gave consideration to what others thought of the candidates.', 'instructions_duration': 581042, 'task_duration': 406311, 'engaging': '6', 'difficult': '5', 'pol_orient': '2', 'token': '5KIDNBT3U0'}","{'rand_cond_order': [1, 3, 2], 'rand_res_stored': [[0, 0, 1], [0, 0, 0], [1, 0, 1]], 'prior_order': [[2, 3], [3, 2], [1, 4]], 'responses': ['64.99999999994', 11.020408163265307, '68.6363636363', 29.387755102040817, '40.45454545451', 11.020408163265307, '44.99999999996', 11.020408163265307, '31.36363636361', 23.26530612244898, '35.90909090906', 17.142857142857142, '59.5454545454', 11.020408163265307, '64.09090909085', 23.26530612244898], 'rand_pos_candidate': [0, 1]}"
225,fd041c08-f95f-4b3f-a009-0a787ce8f328,DemoExperiment,"{'date': '2020_01_08', 'time': '17_03_37', 'age': '31', 'gender': 'male', 'feedback': 'No', 'initial_strategy': 'Whoever scored higher on more tests.', 'final_strategy': ""Took into account the locals' take on things."", 'instructions_duration': 251470, 'task_duration': 105167, 'engaging': '2', 'difficult': '2', 'pol_orient': '2', 'token': 'FTHY7O6NR2'}","{'rand_cond_order': [2, 1, 3], 'rand_res_stored': [[0, 1, 0], [0, 1, 1], [1, 1, 1]], 'prior_order': [[2, 3], [3, 2], [1, 4]], 'responses': ['64.99999999994', 11.020408163265307, '63.18181818176', 36.734693877551024, '64.99999999994', 11.020408163265307, '64.99999999994', 12.244897959183675, '62.27272727267', 33.06122448979592, '58.63636363631', 15.918367346938776, '42.27272727269', 20.816326530612244, '50.4545454545', 52.6530612244898, '63.18181818176', 12.244897959183675, '44.99999999996', 28.16326530612245], 'rand_pos_candidate': [1, 0]}"
226,c4a24ca4-1f18-4fba-8c6a-b383bfd7f8cb,DemoExperiment,"{'date': '2020_01_08', 'time': '17_23_03', 'age': '33', 'gender': 'male', 'feedback': 'None', 'initial_strategy': 'Based solely on the results of the testing.', 'final_strategy': 'I took into account the voters opinions and adjusted my own to reflect them.', 'instructions_duration': 411586, 'task_duration': 296628, 'engaging': '6', 'difficult': '4', 'pol_orient': '3', 'token': 'K1Q2IN7ZZC'}","{'rand_cond_order': [3, 2, 1], 'rand_res_stored': [[0, 0, 0], [1, 1, 0], [0, 0, 1]], 'prior_order': [[2, 3], [3, 2], [1, 4]], 'responses': ['64.99999999994', 11.020408163265307, '66.81818181812', 35.51020408163265, '23.1818181818', 72.24489795918367, '41.3636363636', 9.795918367346939, '57.72727272722', 11.020408163265307, '56.81818181813', 33.06122448979592, '33.18181818179', 14.693877551020408, '50.4545454545', 60], 'rand_pos_candidate': [0, 1]}"
227,6e9bcdf6-2db2-432d-9514-4e49455b1dbe,DemoExperiment,"{'date': '2020_01_08', 'time': '14_25_14', 'age': '46', 'gender': 'female', 'feedback': 'I found it very interesting', 'initial_strategy': 'I went with my gut instincts and how I felt by the information provided.', 'final_strategy': 'I decided also by instinct and how the statistical differences between the two voters.', 'instructions_duration': 555434, 'task_duration': 224613, 'engaging': '10', 'difficult': '5', 'pol_orient': '1', 'token': '4KHE47GHVF'}","{'rand_cond_order': [3, 1, 2], 'rand_res_stored': [[0, 0, 0], [1, 0, 0], [1, 0, 1]], 'prior_order': [[2, 3], [3, 2], [1, 4]], 'responses': ['64.99999999994', 11.020408163265307, '64.99999999994', 24.48979591836735, '64.99999999994', 11.020408163265307, '64.99999999994', 12.244897959183675, '64.99999999994', 11.020408163265307, '64.99999999994', 12.244897959183675, '20.45454545453', 47.755102040816325, '43.18181818178', 35.51020408163265, '43.18181818178', 28.16326530612245, '45.90909090905', 29.387755102040817, '55.90909090904', 3.673469387755102, '47.72727272723', 2.4489795918367347], 'rand_pos_candidate': [0, 1]}"
228,81192b74-27e5-4cdc-979f-1ad271bda4a8,DemoExperiment,"{'date': '2020_01_08', 'time': '14_33_14', 'age': '27', 'gender': 'male', 'feedback': 'It ran well.', 'initial_strategy': 'It depended on who did better on more of the tests.', 'final_strategy': 'It was mostly based on which candidate was viewed more confidently favorably, with the tests still being slightly factored in.', 'instructions_duration': 374136, 'task_duration': 447774, 'engaging': '7', 'difficult': '5', 'pol_orient': '1', 'token': 'YFU3IYH7AQ'}","{'rand_cond_order': [3, 1, 2], 'rand_res_stored': [[0, 0, 0], [0, 0, 1], [0, 1, 1]], 'prior_order': [[2, 3], [3, 2], [1, 4]], 'responses': ['64.99999999994', 11.020408163265307, '68.6363636363', 23.26530612244898, '26.81818181816', 17.142857142857142, '34.09090909088', 11.020408163265307, '44.99999999996', 4.8979591836734695, '59.5454545454', 23.26530612244898, '54.99999999995', 11.020408163265307, '64.09090909085', 23.26530612244898], 'rand_pos_candidate': [0, 1]}"
235,84205117-befb-4bf1-8429-5df268ca89b6,DemoExperiment,"{'date': '2020_01_09', 'time': '09_60_55', 'age': '37', 'gender': 'female', 'feedback': 'No', 'initial_strategy': 'I picked based on who won the third test.', 'final_strategy': ""I analyzed the confidence ratings of the two different voter's recommendations. "", 'instructions_duration': 431874, 'task_duration': 275131, 'engaging': '7', 'difficult': '1', 'pol_orient': '4', 'token': '2T9015OU0Z'}","{'rand_cond_order': [3, 1, 2], 'rand_res_stored': [[1, 0, 1], [0, 1, 0], [1, 1, 1]], 'prior_order': [[3, 2], [1, 4], [2, 3]], 'responses': ['64.99999999994', 11.020408163265307, '77.7272727272', 111.42857142857143, '64.99999999994', 11.020408163265307, '64.99999999994', 12.244897959183675, '26.81818181816', 82.04081632653062, '33.18181818179', 66.12244897959184, '68.6363636363', 94.28571428571429, '77.7272727272', 73.46938775510205, '21.36363636362', 40.40816326530612, '46.81818181814', 18.367346938775512], 'rand_pos_candidate': [1, 0]}"
236,f0adc565-3cee-4514-8637-f59889d1eccc,DemoExperiment,"{'date': '2020_01_09', 'time': '10_07_04', 'age': '39', 'gender': 'male', 'feedback': 'none', 'initial_strategy': 'i gave a bit more weight to how the people reacted and put it against the runs to make my choice', 'final_strategy': 'i used both sets of information given to weigh which person would be better suited', 'instructions_duration': 693591, 'task_duration': 347207, 'engaging': '10', 'difficult': '8', 'pol_orient': '6', 'token': 'TX40V62FC6'}","{'rand_cond_order': [3, 2, 1], 'rand_res_stored': [[0, 0, 1], [0, 0, 0], [0, 1, 1]], 'prior_order': [[3, 2], [1, 4], [2, 3]], 'responses': ['64.99999999994', 11.020408163265307, '69.54545454539', 30.612244897959183, '64.99999999994', 11.020408163265307, '64.99999999994', 12.244897959183675, '31.36363636361', 23.26530612244898, '41.3636363636', 13.46938775510204, '28.63636363634', 52.6530612244898, '35.90909090906', 26.93877551020408, '58.63636363631', 15.918367346938776, '61.36363636358', 24.48979591836735], 'rand_pos_candidate': [0, 1]}"
237,bc69547e-ff1f-4663-919b-647f491c46e4,DemoExperiment,"{'date': '2020_01_09', 'time': '10_12_32', 'age': '33', 'gender': 'male', 'feedback': 'No.', 'initial_strategy': 'Whoever did better on the each test got 1 point added to their score. The worst performer got 0 points. ', 'final_strategy': 'I tallied up the points from the 3 testing phases, Then I added a point for each candidate the voters choose. I tallied all the points up and made my selection.', 'instructions_duration': 655226, 'task_duration': 967685, 'engaging': '10', 'difficult': '3', 'pol_orient': '3', 'token': 'R1V89YY0ID'}","{'rand_cond_order': [2, 1, 3], 'rand_res_stored': [[1, 1, 1], [1, 0, 0], [1, 0, 1]], 'prior_order': [[3, 2], [1, 4], [2, 3]], 'responses': ['64.99999999994', 11.020408163265307, '68.6363636363', 46.53061224489796, '25.90909090907', 60, '22.27272727271', 66.12244897959184, '59.5454545454', 47.755102040816325, '64.09090909085', 66.12244897959184, '40.45454545451', 25.714285714285715, '44.99999999996', 35.51020408163265], 'rand_pos_candidate': [1, 0]}"
238,d59d625a-f776-4b30-bc9f-9b30dec798af,DemoExperiment,"{'date': '2020_01_09', 'time': '10_21_14', 'age': '45', 'gender': 'male', 'feedback': 'I wish this were real and I could really pick! I would love to be the deciding factor.', 'initial_strategy': 'I decided based on whomever won more tests. If the candidate won more tests then I selected that candidate.', 'final_strategy': ""I weighed the people's opinion in their feelings for the candidates along with their confidence level for the candidate I had already selected and adjusted accordingly."", 'instructions_duration': 567249, 'task_duration': 525152, 'engaging': '8', 'difficult': '0', 'pol_orient': '5', 'token': '61G32XZACA'}","{'rand_cond_order': [2, 3, 1], 'rand_res_stored': [[1, 1, 1], [1, 1, 0], [0, 0, 1]], 'prior_order': [[3, 2], [1, 4], [2, 3]], 'responses': ['64.99999999994', 11.020408163265307, '70.45454545448', 29.387755102040817, '22.27272727271', 60, '31.36363636361', 72.24489795918367, '43.18181818178', 35.51020408163265, '35.90909090906', 53.87755102040816, '61.36363636358', 35.51020408163265, '59.5454545454', 42.85714285714286], 'rand_pos_candidate': [1, 0]}"
239,4f9cad50-4fd6-4c48-9ce0-65a4a408fcf8,DemoExperiment,"{'date': '2020_01_09', 'time': '10_26_49', 'age': '31', 'gender': 'male', 'feedback': 'nope', 'initial_strategy': 'I tried to be objective and pick the best qualified candidate', 'final_strategy': 'I factored in what happened at the town halls', 'instructions_duration': 428101, 'task_duration': 183096, 'engaging': '5', 'difficult': '3', 'pol_orient': '2', 'token': 'P431YOS6JU'}","{'rand_cond_order': [2, 1, 3], 'rand_res_stored': [[0, 0, 0], [1, 1, 0], [0, 0, 1]], 'prior_order': [[3, 2], [1, 4], [2, 3]], 'responses': ['64.99999999994', 11.020408163265307, '59.5454545454', 89.38775510204081, '64.99999999994', 11.020408163265307, '64.99999999994', 12.244897959183675, '23.1818181818', 79.59183673469389, '30.45454545452', 74.6938775510204, '68.6363636363', 56.3265306122449, '70.45454545448', 82.04081632653062, '37.72727272724', 42.85714285714286, '44.99999999996', 58.775510204081634], 'rand_pos_candidate': [0, 1]}"
240,b448e7f5-be0b-4d67-bdf6-9665ffaf586a,DemoExperiment,"{'date': '2020_01_09', 'time': '09_45_22', 'age': '31', 'gender': 'female', 'feedback': 'The experiment went well and the instructions were clear.', 'initial_strategy': 'For my initial reaction, I went by who did better on more tests out of the three.', 'final_strategy': 'For my final recommendation, with the tests still in mind, I decided by paying attention to the two townspeople and their views as well as what information they were presented with.', 'instructions_duration': 303533, 'task_duration': 278192, 'engaging': '8', 'difficult': '1', 'pol_orient': '6', 'token': 'PDL9WFV4G0'}","{'rand_cond_order': [2, 1, 3], 'rand_res_stored': [[1, 1, 1], [1, 0, 0], [1, 1, 0]], 'prior_order': [[3, 2], [1, 4], [2, 3]], 'responses': ['64.99999999994', 11.020408163265307, '59.5454545454', 29.387755102040817, '22.27272727271', 78.36734693877551, '31.36363636361', 72.24489795918367, '68.6363636363', 53.87755102040816, '69.54545454539', 69.79591836734694, '35.90909090906', 41.63265306122449, '59.5454545454', 35.51020408163265], 'rand_pos_candidate': [1, 0]}"
241,2bbf75e7-5199-4ce9-a1c6-36984ecafbfe,DemoExperiment,"{'date': '2020_01_09', 'time': '10_60_04', 'age': '47', 'gender': 'male', 'feedback': 'Nice, clear experiment.  Instructions were good and the flow of the experiment was good.', 'initial_strategy': 'Based my decision solely on the test results.  The candidate that performed better was the one I chose.', 'final_strategy': 'If the information I received from the two individuals confirmed my initial recommendation then I would increase my confidence in that decision.', 'instructions_duration': 524811, 'task_duration': 615512, 'engaging': '8', 'difficult': '2', 'pol_orient': '5', 'token': 'B5W0KQO53L'}","{'rand_cond_order': [2, 3, 1], 'rand_res_stored': [[1, 1, 1], [1, 0, 1], [1, 0, 0]], 'prior_order': [[3, 2], [1, 4], [2, 3]], 'responses': ['64.99999999994', 11.020408163265307, '68.6363636363', 35.51020408163265, '73.18181818175', 47.755102040816325, '64.09090909085', 41.63265306122449, '59.5454545454', 29.387755102040817, '68.6363636363', 47.755102040816325, '68.6363636363', 35.51020408163265, '77.7272727272', 47.755102040816325], 'rand_pos_candidate': [1, 0]}"
242,4b182210-e4ee-4087-a90e-5581be87c116,DemoExperiment,"{'date': '2020_01_09', 'time': '11_29_15', 'age': '27', 'gender': 'female', 'feedback': 'none!', 'initial_strategy': 'Whoever did better on the tests and looking at how much someone believed on both sides. If they voted for the other person but with very low confidence I stayed with my person.', 'final_strategy': 'Just looking at the big picture of information.', 'instructions_duration': 336537, 'task_duration': 440808, 'engaging': '10', 'difficult': '4', 'pol_orient': '1', 'token': 'XGGJO17BPE'}","{'rand_cond_order': [3, 2, 1], 'rand_res_stored': [[1, 1, 0], [1, 1, 1], [0, 0, 1]], 'prior_order': [[3, 2], [1, 4], [2, 3]], 'responses': ['64.99999999994', 11.020408163265307, '68.6363636363', 53.87755102040816, '28.63636363634', 35.51020408163265, '24.09090909089', 48.9795918367347, '26.81818181816', 61.224489795918366, '29.54545454543', 56.3265306122449, '69.54545454539', 24.48979591836735, '73.18181818175', 35.51020408163265], 'rand_pos_candidate': [1, 0]}"
243,20eaad6a-b757-4bfa-ba10-1c85f9b68458,DemoExperiment,"{'date': '2020_01_09', 'time': '13_14_59', 'age': '41', 'gender': 'female', 'feedback': 'No, thank you.', 'initial_strategy': 'I initially was going with who had the best test scores, but then I had to look closer at the people who would actually be voting and take into account what they thought or what they knew about the candidate.', 'final_strategy': 'I tried to account more for the voters and what they knew, or thought they knew from the debates or what information they had in regards to whether or not they had discussed with the other voter.', 'instructions_duration': 556458, 'task_duration': 628829, 'engaging': '9', 'difficult': '5', 'pol_orient': '4', 'token': 'XQL2MTMC7D'}","{'rand_cond_order': [2, 1, 3], 'rand_res_stored': [[1, 1, 1], [0, 0, 1], [0, 1, 1]], 'prior_order': [[3, 2], [1, 4], [2, 3]], 'responses': ['64.99999999994', 11.020408163265307, '73.18181818175', 96.73469387755102, '5', 115.10204081632654, '35.90909090906', 72.24489795918367, '73.18181818175', 72.24489795918367, '64.09090909085', 66.12244897959184, '31.36363636361', 66.12244897959184, '54.99999999995', 41.63265306122449], 'rand_pos_candidate': [1, 0]}"
244,9a4d63f0-0d13-4246-aaf3-49905b5edb16,DemoExperiment,"{'date': '2020_01_09', 'time': '11_21_31', 'age': '32', 'gender': 'male', 'feedback': 'I have nothing notable to add. Everything seems to have worked as intended.', 'initial_strategy': 'I tended to lean towards whoever did better on the testing category. Best two out of three was often the direction I leaned.', 'final_strategy': 'I still factored in the tests as most important, but I also added in thoughts about how certain, and who the locals thought was better. In cases with high certainty or local agreement I was open to changing my mind.', 'instructions_duration': 291377, 'task_duration': 356392, 'engaging': '9', 'difficult': '3', 'pol_orient': '4', 'token': 'PUJ4RIAVFJ'}","{'rand_cond_order': [3, 2, 1], 'rand_res_stored': [[1, 0, 1], [1, 1, 1], [0, 0, 1]], 'prior_order': [[3, 2], [1, 4], [2, 3]], 'responses': ['64.99999999994', 11.020408163265307, '77.7272727272', 35.51020408163265, '40.45454545451', 8.571428571428571, '54.99999999995', 23.26530612244898, '13.18181818181', 73.46938775510205, '5', 96.73469387755102, '68.6363636363', 23.26530612244898, '65.90909090903', 17.142857142857142], 'rand_pos_candidate': [1, 0]}"
246,143f398f-9763-4edc-a62c-79450af6478e,DemoExperiment,"{'date': '2020_01_09', 'time': '13_26_26', 'age': '31', 'gender': 'male', 'feedback': 'it was engaging', 'initial_strategy': 'relied very heavily on test results', 'final_strategy': ""Factored in voter's opinions and confidence, usually meeting my original estimate about halfway to where the voters were. "", 'instructions_duration': 267544, 'task_duration': 216169, 'engaging': '10', 'difficult': '2', 'pol_orient': '1', 'token': '0X1YCFX7MJ'}","{'rand_cond_order': [1, 3, 2], 'rand_res_stored': [[0, 1, 0], [1, 0, 1], [1, 1, 1]], 'prior_order': [[3, 2], [1, 4], [2, 3]], 'responses': ['64.99999999994', 11.020408163265307, '60.45454545449', 56.3265306122449, '64.99999999994', 11.020408163265307, '64.99999999994', 12.244897959183675, '77.7272727272', 31.836734693877553, '73.18181818175', 62.44897959183674, '30.45454545452', 20.816326530612244, '44.09090909087', 60, '12.27272727272', 41.63265306122449, '39.54545454542', 75.91836734693878], 'rand_pos_candidate': [1, 0]}"
247,38cbc054-b0c0-4b1e-a912-ed80a039ba76,DemoExperiment,"{'date': '2020_01_09', 'time': '10_28_13', 'age': '37', 'gender': 'male', 'feedback': 'No', 'initial_strategy': 'If two thirds of the results in the first poll were towards one person I lean in their direction to a value of about 66 then added a similar weighing of probability on to it', 'final_strategy': 'I just tweaked it based on the town hall info.', 'instructions_duration': 557153, 'task_duration': 507946, 'engaging': '2', 'difficult': '4', 'pol_orient': '2', 'token': 'SWYC8RW3YR'}","{'rand_cond_order': [1, 2, 3], 'rand_res_stored': [[0, 0, 1], [1, 1, 1], [1, 1, 0]], 'prior_order': [[3, 2], [1, 4], [2, 3]], 'responses': ['64.99999999994', 11.020408163265307, '60.45454545449', 57.55102040816327, '73.18181818175', 79.59183673469389, '64.09090909085', 68.57142857142857, '17.72727272726', 96.73469387755102, '24.99999999998', 85.71428571428572, '34.09090909088', 79.59183673469389, '41.3636363636', 73.46938775510205], 'rand_pos_candidate': [1, 0]}"
248,89e284e7-e1fc-48a9-a14c-d2f53464a07c,DemoExperiment,"{'date': '2020_01_09', 'time': '14_29_25', 'age': '40', 'gender': 'female', 'feedback': 'a lot of reading but interesting', 'initial_strategy': 'I tried to go with whoever did better more times of the tests', 'final_strategy': 'I kept who I chose in mind while judging how the others felt about the candidates.', 'instructions_duration': 717410, 'task_duration': 410394, 'engaging': '10', 'difficult': '1', 'pol_orient': '5', 'token': '9VHCTX0NE3'}","{'rand_cond_order': [3, 1, 2], 'rand_res_stored': [[1, 0, 1], [1, 0, 0], [1, 1, 1]], 'prior_order': [[3, 2], [1, 4], [2, 3]], 'responses': ['64.99999999994', 11.020408163265307, '68.6363636363', 23.26530612244898, '45.90909090905', 9.795918367346939, '56.81818181813', 11.020408163265307, '68.6363636363', 29.387755102040817, '69.54545454539', 31.836734693877553, '20.45454545453', 40.40816326530612, '29.54545454543', 31.836734693877553], 'rand_pos_candidate': [1, 0]}"
249,0f2ecbf1-d710-4c4b-846c-59a42c499c18,DemoExperiment,"{'date': '2020_01_09', 'time': '13_30_35', 'age': '21', 'gender': 'male', 'feedback': 'no this is a good experiment', 'initial_strategy': 'On who won 2 or more of the tests', 'final_strategy': 'Depended on the confidence levels of each local citizen and whether or not they talked to each other. If they talked to each other, I would go with the recommendation of the person that listened to the other person talk.', 'instructions_duration': 247266, 'task_duration': 239217, 'engaging': '10', 'difficult': '5', 'pol_orient': '6', 'token': 'NZGZRNYLEB'}","{'rand_cond_order': [2, 3, 1], 'rand_res_stored': [[0, 0, 0], [1, 0, 0], [0, 1, 1]], 'prior_order': [[3, 2], [1, 4], [2, 3]], 'responses': ['64.99999999994', 11.020408163265307, '56.81818181813', 30.612244897959183, '22.27272727271', 68.57142857142857, '37.72727272724', 31.836734693877553, '42.27272727269', 46.53061224489796, '50.4545454545', 29.387755102040817, '64.99999999994', 17.142857142857142, '67.72727272721', 40.40816326530612], 'rand_pos_candidate': [0, 1]}"
250,8e7ca71d-f345-4332-8a24-511f9c496928,DemoExperiment,"{'date': '2020_01_09', 'time': '12_30_38', 'age': '30', 'gender': 'male', 'feedback': 'good study ', 'initial_strategy': 'nothing', 'final_strategy': 'nothing', 'instructions_duration': 852910, 'task_duration': 195545, 'engaging': '2', 'difficult': '2', 'pol_orient': '6', 'token': 'OLKUPEP27U'}","{'rand_cond_order': [2, 1, 3], 'rand_res_stored': [[0, 0, 0], [1, 1, 0], [0, 1, 0]], 'prior_order': [[3, 2], [1, 4], [2, 3]], 'responses': ['64.99999999994', 11.020408163265307, '72.27272727266', 75.91836734693878, '64.99999999994', 11.020408163265307, '64.99999999994', 12.244897959183675, '64.99999999994', 11.020408163265307, '64.99999999994', 12.244897959183675, '64.99999999994', 11.020408163265307, '64.99999999994', 12.244897959183675, '64.99999999994', 11.020408163265307, '64.99999999994', 12.244897959183675, '64.99999999994', 11.020408163265307, '64.99999999994', 12.244897959183675, '30.45454545452', 74.6938775510204, '28.63636363634', 79.59183673469389, '63.18181818176', 39.183673469387756, '54.99999999995', 45.30612244897959, '71.36363636357', 45.30612244897959, '65.90909090903', 52.6530612244898], 'rand_pos_candidate': [0, 1]}"
251,875241a4-7dcb-4a19-b8e3-f1267a46043b,DemoExperiment,"{'date': '2020_01_09', 'time': '14_32_26', 'age': '25', 'gender': 'male', 'feedback': 'No', 'initial_strategy': 'not really. i just go with the candidate that performed better', 'final_strategy': 'not really. i just go with the candidate that performed better', 'instructions_duration': 605380, 'task_duration': 185379, 'engaging': '9', 'difficult': '0', 'pol_orient': '4', 'token': 'ZYP210ZJ9U'}","{'rand_cond_order': [2, 3, 1], 'rand_res_stored': [[1, 1, 1], [1, 0, 1], [0, 1, 0]], 'prior_order': [[3, 2], [1, 4], [2, 3]], 'responses': ['64.99999999994', 11.020408163265307, '63.18181818176', 30.612244897959183, '64.99999999994', 11.020408163265307, '64.99999999994', 12.244897959183675, '64.99999999994', 11.020408163265307, '64.99999999994', 12.244897959183675, '64.99999999994', 11.020408163265307, '64.99999999994', 12.244897959183675, '64.99999999994', 11.020408163265307, '64.99999999994', 12.244897959183675, '10.45454545454', 73.46938775510205, '16.81818181817', 64.89795918367346, '74.09090909084', 60, '74.09090909084', 66.12244897959184, '71.36363636357', 73.46938775510205, '72.27272727266', 68.57142857142857], 'rand_pos_candidate': [1, 0]}"
252,8cfa100f-3b3a-4cee-bc4b-753cfb9b1664,DemoExperiment,"{'date': '2020_01_09', 'time': '14_32_21', 'age': '51', 'gender': 'male', 'feedback': 'This was an interesting study and gave some interesting insights as to political choices.', 'initial_strategy': 'I gave weight to the 3 additional tests given depending upon those results to favor one candidate over the other.', 'final_strategy': 'I gave weight to the choices by each of the individual voters tempering that by their belief and confidence levels', 'instructions_duration': 560911, 'task_duration': 552092, 'engaging': '10', 'difficult': '5', 'pol_orient': '3', 'token': 'P9RHRFOHI8'}","{'rand_cond_order': [1, 2, 3], 'rand_res_stored': [[0, 0, 1], [1, 1, 1], [0, 1, 1]], 'prior_order': [[3, 2], [1, 4], [2, 3]], 'responses': ['64.99999999994', 11.020408163265307, '73.18181818175', 78.36734693877551, '64.99999999994', 11.020408163265307, '64.99999999994', 12.244897959183675, '64.99999999994', 11.020408163265307, '64.99999999994', 12.244897959183675, '68.6363636363', 66.12244897959184, '81.36363636356', 84.48979591836735, '77.7272727272', 79.59183673469389, '59.5454545454', 71.0204081632653, '33.18181818179', 73.46938775510205, '36.81818181815', 66.12244897959184], 'rand_pos_candidate': [1, 0]}"
253,4ff57118-6096-401c-94a9-e1f6943a832d,DemoExperiment,"{'date': '2020_01_09', 'time': '20_33_11', 'age': '24', 'gender': 'male', 'feedback': 'no comments', 'initial_strategy': 'no specific strategy', 'final_strategy': 'none at all', 'instructions_duration': 921617, 'task_duration': 151078, 'engaging': '4', 'difficult': '2', 'pol_orient': '4', 'token': 'NSZO9YS9BC'}","{'rand_cond_order': [2, 1, 3], 'rand_res_stored': [[0, 0, 0], [1, 1, 0], [1, 0, 0]], 'prior_order': [[3, 2], [1, 4], [2, 3]], 'responses': ['64.99999999994', 11.020408163265307, '59.5454545454', 42.85714285714286, '64.99999999994', 11.020408163265307, '64.99999999994', 12.244897959183675, '64.99999999994', 11.020408163265307, '64.99999999994', 12.244897959183675, '64.99999999994', 11.020408163265307, '64.99999999994', 12.244897959183675, '64.99999999994', 11.020408163265307, '64.99999999994', 12.244897959183675, '64.99999999994', 11.020408163265307, '64.99999999994', 12.244897959183675, '5', 0, '19.54545454544', 33.06122448979592, '87.72727272719', 101.63265306122449, '66.81818181812', 42.85714285714286, '33.18181818179', 15.918367346938776, '51.36363636359', 60], 'rand_pos_candidate': [0, 1]}"
254,6087413f-c194-444a-abf8-e8d63202bd29,DemoExperiment,"{'date': '2020_01_09', 'time': '14_34_43', 'age': '24', 'gender': 'female', 'feedback': 'None', 'initial_strategy': 'Based on who had done the best out of the trials such as having 2 out of 3. ', 'final_strategy': 'I used the initial and what the other people said and their confidence. I used this to edit the initial decision. ', 'instructions_duration': 280689, 'task_duration': 701391, 'engaging': '10', 'difficult': '1', 'pol_orient': '6', 'token': 'P8SOK8WLXL'}","{'rand_cond_order': [1, 2, 3], 'rand_res_stored': [[1, 0, 0], [1, 1, 1], [1, 1, 0]], 'prior_order': [[3, 2], [1, 4], [2, 3]], 'responses': ['64.99999999994', 11.020408163265307, '69.54545454539', 19.591836734693878, '60.45454545449', 17.142857142857142, '62.27272727267', 23.26530612244898, '72.27272727266', 37.95918367346939, '70.45454545448', 31.836734693877553, '42.27272727269', 13.46938775510204, '44.09090909087', 9.795918367346939], 'rand_pos_candidate': [1, 0]}"
255,e10f4399-1d4d-4dd0-bc40-bff15ac1daec,DemoExperiment,"{'date': '2020_01_09', 'time': '14_37_08', 'age': '41', 'gender': 'female', 'feedback': 'Some of the question and choices we were supposed to make were confusing.', 'initial_strategy': 'I  based my decision on which candidate seemed to do better the most.', 'final_strategy': 'None. I chose which candidate did better.', 'instructions_duration': 669683, 'task_duration': 335096, 'engaging': '5', 'difficult': '10', 'pol_orient': '7', 'token': 'A3NUCGVMCQ'}","{'rand_cond_order': [3, 1, 2], 'rand_res_stored': [[0, 1, 0], [1, 1, 0], [0, 0, 0]], 'prior_order': [[3, 2], [1, 4], [2, 3]], 'responses': ['64.99999999994', 11.020408163265307, '50.4545454545', 35.51020408163265, '64.99999999994', 11.020408163265307, '64.99999999994', 12.244897959183675, '64.99999999994', 11.020408163265307, '64.99999999994', 12.244897959183675, '31.36363636361', 66.12244897959184, '50.4545454545', 35.51020408163265, '68.6363636363', 78.36734693877551, '31.36363636361', 0, '26.81818181816', 84.48979591836735, '49.54545454541', 60], 'rand_pos_candidate': [0, 1]}"
256,80f3916b-65f1-4928-a053-4202068817c9,DemoExperiment,"{'date': '2020_01_09', 'time': '14_39_10', 'age': '24', 'gender': 'male', 'feedback': 'no', 'initial_strategy': 'Mostly based on how well they did in the 3 initial selection tests.', 'final_strategy': 'Based on the initial recommendation with the combination of the two voters opinions. It especially meant something when someone disagreed with the other voter but neither of them changed their mind.', 'instructions_duration': 434749, 'task_duration': 236184, 'engaging': '7', 'difficult': '4', 'pol_orient': '3', 'token': 'AWYT7E2ZWJ'}","{'rand_cond_order': [3, 2, 1], 'rand_res_stored': [[1, 1, 0], [1, 1, 1], [0, 1, 0]], 'prior_order': [[3, 2], [1, 4], [2, 3]], 'responses': ['64.99999999994', 11.020408163265307, '73.18181818175', 24.48979591836735, '64.99999999994', 11.020408163265307, '64.99999999994', 12.244897959183675, '64.99999999994', 11.020408163265307, '64.99999999994', 12.244897959183675, '33.18181818179', 17.142857142857142, '36.81818181815', 30.612244897959183, '19.54545454544', 50.204081632653065, '34.99999999997', 58.775510204081634, '63.18181818176', 20.816326530612244, '68.6363636363', 28.16326530612245], 'rand_pos_candidate': [1, 0]}"
257,e92fc052-765f-4e06-bb7d-b7052774df6a,DemoExperiment,"{'date': '2020_01_09', 'time': '14_39_34', 'age': '30', 'gender': 'female', 'feedback': 'I do not.', 'initial_strategy': 'I went with the confidence rating and the overall who the people I interviewed.', 'final_strategy': 'I took the average of the opinion of those who went to town hall and their confidence. ', 'instructions_duration': 999167, 'task_duration': 463966, 'engaging': '8', 'difficult': '3', 'pol_orient': '2', 'token': '9EDUPWLTN3'}","{'rand_cond_order': [2, 1, 3], 'rand_res_stored': [[1, 1, 1], [0, 0, 1], [1, 0, 1]], 'prior_order': [[3, 2], [1, 4], [2, 3]], 'responses': ['64.99999999994', 11.020408163265307, '71.36363636357', 26.93877551020408, '7.72727272727', 91.83673469387756, '14.0909090909', 88.16326530612245, '67.72727272721', 35.51020408163265, '70.45454545448', 37.95918367346939, '36.81818181815', 34.285714285714285, '34.09090909088', 37.95918367346939], 'rand_pos_candidate': [1, 0]}"
258,5aa040d6-6ab0-485b-8f93-2e588de7e53f,DemoExperiment,"{'date': '2020_01_09', 'time': '14_40_23', 'age': '58', 'gender': 'female', 'feedback': 'No.', 'initial_strategy': 'I based my assessment on how the candidates performed on the tests, knowing that those results were not the only thing that counted, and knowing that I might change my assessment later.', 'final_strategy': ""I figured in both the candidates' results in the tests and the opinions and confidence of the two voters."", 'instructions_duration': 545030, 'task_duration': 483219, 'engaging': '9', 'difficult': '2', 'pol_orient': '1', 'token': '1LGFDK1MC0'}","{'rand_cond_order': [3, 2, 1], 'rand_res_stored': [[1, 0, 1], [1, 1, 1], [0, 1, 0]], 'prior_order': [[3, 2], [1, 4], [2, 3]], 'responses': ['64.99999999994', 11.020408163265307, '59.5454545454', 64.89795918367346, '64.99999999994', 11.020408163265307, '64.99999999994', 12.244897959183675, '22.27272727271', 78.36734693877551, '32.2727272727', 35.51020408163265, '19.54545454544', 102.85714285714286, '38.63636363633', 68.57142857142857, '64.09090909085', 28.16326530612245, '60.45454545449', 35.51020408163265], 'rand_pos_candidate': [1, 0]}"
259,dace7c23-c45b-47ac-a39e-4fc24a505684,DemoExperiment,"{'date': '2020_01_09', 'time': '11_40_24', 'age': '62', 'gender': 'female', 'feedback': 'No', 'initial_strategy': 'Who did better on the initial assessments.', 'final_strategy': 'A mix between the locals opinion and the assessments.', 'instructions_duration': 456068, 'task_duration': 243858, 'engaging': '10', 'difficult': '5', 'pol_orient': '3', 'token': 'WZXZU7VSLC'}","{'rand_cond_order': [1, 3, 2], 'rand_res_stored': [[0, 1, 1], [0, 0, 1], [0, 0, 0]], 'prior_order': [[3, 2], [1, 4], [2, 3]], 'responses': ['64.99999999994', 11.020408163265307, '69.54545454539', 23.26530612244898, '72.27272727266', 11.020408163265307, '77.7272727272', 17.142857142857142, '27.72727272725', 19.591836734693878, '30.45454545452', 13.46938775510204, '81.36363636356', 47.755102040816325, '83.18181818174', 51.42857142857143], 'rand_pos_candidate': [0, 1]}"
260,00a16cdb-2530-49f8-9419-ace712b61511,DemoExperiment,"{'date': '2020_01_09', 'time': '14_41_41', 'age': '49', 'gender': 'female', 'feedback': 'I wonder how accurate these types of estimates turn out to be and if they match polling figures.', 'initial_strategy': ""I picked the one that passed the most tests overall and I would look carefully at the locals' confidence levels."", 'final_strategy': 'Confidence levels of the locals was important and if they talked to each other. I would then consider who passed the most tests.', 'instructions_duration': 468364, 'task_duration': 455683, 'engaging': '9', 'difficult': '5', 'pol_orient': '2', 'token': '15BT556BC3'}","{'rand_cond_order': [2, 3, 1], 'rand_res_stored': [[0, 0, 0], [1, 0, 0], [0, 1, 1]], 'prior_order': [[3, 2], [1, 4], [2, 3]], 'responses': ['64.99999999994', 11.020408163265307, '78.63636363629', 56.3265306122449, '64.99999999994', 11.020408163265307, '64.99999999994', 12.244897959183675, '84.09090909083', 84.48979591836735, '86.8181818181', 96.73469387755102, '34.09090909088', 47.755102040816325, '23.1818181818', 31.836734693877553, '66.81818181812', 30.612244897959183, '67.72727272721', 45.30612244897959], 'rand_pos_candidate': [0, 1]}"
261,3c99e001-8fdf-42dd-b45c-40259ae68954,DemoExperiment,"{'date': '2020_01_09', 'time': '14_41_43', 'age': '59', 'gender': 'male', 'feedback': 'n/a', 'initial_strategy': 'I compared how each did on the tests. I leaned more heavily to the one who scored better on the most tests.', 'final_strategy': 'I not only took into consideration, the initial tests, but the locals: their experiences, conversations (if any) and ratings. I then readjusted my scoring of the candidates from the information gathered.', 'instructions_duration': 620793, 'task_duration': 556346, 'engaging': '10', 'difficult': '5', 'pol_orient': '3', 'token': '981YAHF5ZP'}","{'rand_cond_order': [3, 1, 2], 'rand_res_stored': [[0, 0, 1], [0, 1, 1], [0, 0, 0]], 'prior_order': [[3, 2], [1, 4], [2, 3]], 'responses': ['64.99999999994', 11.020408163265307, '60.45454545449', 24.48979591836735, '29.54545454543', 51.42857142857143, '40.45454545451', 35.51020408163265, '65.90909090903', 41.63265306122449, '57.72727272722', 51.42857142857143, '21.36363636362', 52.6530612244898, '30.45454545452', 40.40816326530612], 'rand_pos_candidate': [0, 1]}"
262,a1e2da14-3869-4339-90e4-a3b902724d72,DemoExperiment,"{'date': '2020_01_09', 'time': '14_42_47', 'age': '53', 'gender': 'female', 'feedback': 'It was interesting.', 'initial_strategy': 'I chose by who had the most supporters.  Most of them were 2 out of 3 so it was easy to do it that way.', 'final_strategy': 'I used the numbers to try to make a connection. I tried to increase based on numbers when possible.', 'instructions_duration': 1025189, 'task_duration': 491653, 'engaging': '10', 'difficult': '5', 'pol_orient': '7', 'token': 'JU1J22U1ZL'}","{'rand_cond_order': [2, 3, 1], 'rand_res_stored': [[0, 0, 0], [1, 0, 0], [1, 1, 0]], 'prior_order': [[3, 2], [1, 4], [2, 3]], 'responses': ['64.99999999994', 11.020408163265307, '55.90909090904', 23.26530612244898, '64.99999999994', 11.020408163265307, '64.99999999994', 12.244897959183675, '64.99999999994', 11.020408163265307, '64.99999999994', 12.244897959183675, '64.99999999994', 11.020408163265307, '64.99999999994', 12.244897959183675, '64.99999999994', 11.020408163265307, '64.99999999994', 12.244897959183675, '5', 72.24489795918367, '18.63636363635', 45.30612244897959, '41.3636363636', 61.224489795918366, '45.90909090905', 48.9795918367347, '85.90909090901', 77.14285714285714, '63.18181818176', 46.53061224489796], 'rand_pos_candidate': [0, 1]}"
263,04e15af0-f296-4749-ad94-d07ec6574b0f,DemoExperiment,"{'date': '2020_01_09', 'time': '14_43_46', 'age': '53', 'gender': 'male', 'feedback': 'no', 'initial_strategy': 'In my initial strategy, I chose between the candidates based on who performed better on the tests. ', 'final_strategy': ""For the final recommendation, I considered my initial evaluation and waited to see whether the voters I interviewed provided any confirmation. If there was confirmation, I confirmed the candidate chosen in my initial evaluation. I also considered the strength and confidence of the voter's opinions in the event of a split decision."", 'instructions_duration': 697611, 'task_duration': 548267, 'engaging': '9', 'difficult': '3', 'pol_orient': '3', 'token': 'EA1M2JEKFM'}","{'rand_cond_order': [3, 1, 2], 'rand_res_stored': [[0, 0, 1], [0, 1, 1], [0, 0, 0]], 'prior_order': [[3, 2], [1, 4], [2, 3]], 'responses': ['64.99999999994', 11.020408163265307, '70.45454545448', 41.63265306122449, '34.99999999997', 19.591836734693878, '41.3636363636', 39.183673469387756, '67.72727272721', 23.26530612244898, '71.36363636357', 41.63265306122449, '24.09090909089', 28.16326530612245, '22.27272727271', 46.53061224489796], 'rand_pos_candidate': [0, 1]}"
264,90fb14d7-d081-47b9-a794-1bfbfa18646d,DemoExperiment,"{'date': '2020_01_09', 'time': '14_51_25', 'age': '37', 'gender': 'female', 'feedback': 'no', 'initial_strategy': 'based on tests', 'final_strategy': 'based on voter feedback', 'instructions_duration': 468813, 'task_duration': 297542, 'engaging': '6', 'difficult': '6', 'pol_orient': '6', 'token': '8YG4JA79ED'}","{'rand_cond_order': [2, 3, 1], 'rand_res_stored': [[1, 1, 1], [0, 1, 1], [0, 1, 0]], 'prior_order': [[3, 2], [1, 4], [2, 3]], 'responses': ['64.99999999994', 11.020408163265307, '55.90909090904', 41.63265306122449, '64.99999999994', 11.020408163265307, '64.99999999994', 12.244897959183675, '64.99999999994', 11.020408163265307, '64.99999999994', 12.244897959183675, '64.99999999994', 11.020408163265307, '64.99999999994', 12.244897959183675, '64.99999999994', 11.020408163265307, '64.99999999994', 12.244897959183675, '64.99999999994', 11.020408163265307, '64.99999999994', 12.244897959183675, '19.54545454544', 55.10204081632653, '34.09090909088', 47.755102040816325, '37.72727272724', 20.816326530612244, '54.99999999995', 18.367346938775512, '61.36363636358', 17.142857142857142, '69.54545454539', 45.30612244897959], 'rand_pos_candidate': [1, 0]}"
265,04d59cc1-6957-4058-ba87-b28df4e3e290,DemoExperiment,"{'date': '2020_01_09', 'time': '14_54_39', 'age': '45', 'gender': 'female', 'feedback': 'no thank you', 'initial_strategy': 'I paid attention to which candidate passed the majority of the tests, and also based it on the interviews with the two voters.', 'final_strategy': 'Not really.  Some on the information given and some was my gut feeling.', 'instructions_duration': 524576, 'task_duration': 281824, 'engaging': '10', 'difficult': '7', 'pol_orient': '2', 'token': 'IW6UY5V0F6'}","{'rand_cond_order': [2, 1, 3], 'rand_res_stored': [[0, 0, 0], [0, 1, 1], [1, 0, 0]], 'prior_order': [[3, 2], [1, 4], [2, 3]], 'responses': ['64.99999999994', 11.020408163265307, '59.5454545454', 18.367346938775512, '64.99999999994', 11.020408163265307, '64.99999999994', 12.244897959183675, '64.99999999994', 11.020408163265307, '64.99999999994', 12.244897959183675, '64.99999999994', 11.020408163265307, '64.99999999994', 12.244897959183675, '64.99999999994', 11.020408163265307, '64.99999999994', 12.244897959183675, '64.99999999994', 11.020408163265307, '64.99999999994', 12.244897959183675, '5.90909090909', 1.2244897959183674, '19.54545454544', 34.285714285714285, '62.27272727267', 41.63265306122449, '58.63636363631', 25.714285714285715, '34.09090909088', 15.918367346938776, '63.18181818176', 20.816326530612244], 'rand_pos_candidate': [0, 1]}"
267,8ef6baee-0012-4d51-8354-18e4435a34ca,DemoExperiment,"{'date': '2020_01_09', 'time': '11_57_39', 'age': '31', 'gender': 'female', 'feedback': 'no', 'initial_strategy': 'I looked at who did better in the initial tests.', 'final_strategy': 'I considered preferences along with the results of the initial tests.', 'instructions_duration': 419034, 'task_duration': 340692, 'engaging': '10', 'difficult': '5', 'pol_orient': '3', 'token': 'MJK8L6Y8MX'}","{'rand_cond_order': [1, 2, 3], 'rand_res_stored': [[0, 1, 0], [1, 1, 1], [1, 0, 1]], 'prior_order': [[3, 2], [1, 4], [2, 3]], 'responses': ['64.99999999994', 11.020408163265307, '64.99999999994', 13.46938775510204, '64.99999999994', 11.020408163265307, '64.99999999994', 12.244897959183675, '64.99999999994', 11.020408163265307, '64.99999999994', 12.244897959183675, '94.99999999991', 79.59183673469389, '65.90909090903', 63.673469387755105, '94.99999999991', 120, '73.18181818175', 80.81632653061224, '34.09090909088', 80.81632653061224, '22.27272727271', 72.24489795918367], 'rand_pos_candidate': [1, 0]}"
268,d2a8d905-4232-4abf-9bd4-dddf063ad2ba,DemoExperiment,"{'date': '2020_01_09', 'time': '14_59_33', 'age': '30', 'gender': 'male', 'feedback': 'Good survey', 'initial_strategy': 'Nothing strategy', 'final_strategy': 'Nothing', 'instructions_duration': 757579, 'task_duration': 188993, 'engaging': '8', 'difficult': '8', 'pol_orient': '7', 'token': 'MT0KXMZVZD'}","{'rand_cond_order': [3, 1, 2], 'rand_res_stored': [[0, 0, 1], [1, 0, 1], [0, 0, 0]], 'prior_order': [[3, 2], [1, 4], [2, 3]], 'responses': ['64.99999999994', 11.020408163265307, '64.99999999994', 11.020408163265307, '64.99999999994', 11.020408163265307, '64.99999999994', 12.244897959183675, '64.99999999994', 11.020408163265307, '64.99999999994', 12.244897959183675, '64.99999999994', 11.020408163265307, '64.99999999994', 12.244897959183675, '63.18181818176', 39.183673469387756, '55.90909090904', 33.06122448979592, '67.72727272721', 13.46938775510204, '38.63636363633', 15.918367346938776, '61.36363636358', 28.16326530612245, '63.18181818176', 29.387755102040817], 'rand_pos_candidate': [0, 1]}"
269,2fe2f8bf-e339-4314-bfec-fdfb9f652bc2,DemoExperiment,"{'date': '2020_01_09', 'time': '13_02_36', 'age': '36', 'gender': 'male', 'feedback': 'no', 'initial_strategy': 'tested better', 'final_strategy': 'overall information', 'instructions_duration': 152483, 'task_duration': 153784, 'engaging': '5', 'difficult': '2', 'pol_orient': '7', 'token': '8KQV62N1QS'}","{'rand_cond_order': [1, 3, 2], 'rand_res_stored': [[1, 0, 1], [1, 0, 0], [0, 0, 0]], 'prior_order': [[3, 2], [1, 4], [2, 3]], 'responses': ['64.99999999994', 11.020408163265307, '57.72727272722', 31.836734693877553, '64.99999999994', 11.020408163265307, '64.99999999994', 12.244897959183675, '58.63636363631', 31.836734693877553, '54.99999999995', 33.06122448979592, '44.09090909087', 31.836734693877553, '45.90909090905', 29.387755102040817, '24.99999999998', 52.6530612244898, '30.45454545452', 50.204081632653065], 'rand_pos_candidate': [0, 1]}"
270,eba38e01-e78c-4bf1-a0fc-b4fdfd9e6618,DemoExperiment,"{'date': '2020_01_09', 'time': '12_14_31', 'age': '40', 'gender': 'male', 'feedback': 'Thank you!', 'initial_strategy': 'I paid attention to what candidate had better score.', 'final_strategy': 'I did follow my first decision.', 'instructions_duration': 1073736, 'task_duration': 286215, 'engaging': '8', 'difficult': '4', 'pol_orient': '3', 'token': 'HBPCDP2YFU'}","{'rand_cond_order': [3, 2, 1], 'rand_res_stored': [[0, 1, 1], [1, 1, 1], [1, 0, 0]], 'prior_order': [[3, 2], [1, 4], [2, 3]], 'responses': ['64.99999999994', 11.020408163265307, '64.99999999994', 23.26530612244898, '64.99999999994', 11.020408163265307, '64.99999999994', 12.244897959183675, '64.99999999994', 11.020408163265307, '64.99999999994', 12.244897959183675, '64.99999999994', 11.020408163265307, '64.99999999994', 12.244897959183675, '64.99999999994', 11.020408163265307, '64.99999999994', 12.244897959183675, '64.99999999994', 11.020408163265307, '64.99999999994', 12.244897959183675, '64.99999999994', 11.020408163265307, '64.99999999994', 12.244897959183675, '64.99999999994', 11.020408163265307, '64.99999999994', 12.244897959183675, '37.72727272724', 34.285714285714285, '40.45454545451', 23.26530612244898, '12.27272727272', 78.36734693877551, '14.99999999999', 72.24489795918367, '61.36363636358', 22.040816326530614, '59.5454545454', 24.48979591836735], 'rand_pos_candidate': [1, 0]}"
271,19bc7791-d80e-4fc3-8784-8a9d0e2f682a,DemoExperiment,"{'date': '2020_01_09', 'time': '15_19_31', 'age': '34', 'gender': 'male', 'feedback': 'No.', 'initial_strategy': 'I put a lot of thought into how each candidate performed on the initial tests.', 'final_strategy': ""I adjusted my rating slightly based on each voter's preference."", 'instructions_duration': 406737, 'task_duration': 324665, 'engaging': '10', 'difficult': '3', 'pol_orient': '3', 'token': 'UGO4HY5NG3'}","{'rand_cond_order': [1, 3, 2], 'rand_res_stored': [[1, 0, 1], [0, 0, 1], [0, 0, 0]], 'prior_order': [[3, 2], [1, 4], [2, 3]], 'responses': ['64.99999999994', 11.020408163265307, '68.6363636363', 22.040816326530614, '66.81818181812', 18.367346938775512, '55.90909090904', 20.816326530612244, '44.09090909087', 13.46938775510204, '44.99999999996', 22.040816326530614, '33.18181818179', 33.06122448979592, '40.45454545451', 31.836734693877553], 'rand_pos_candidate': [0, 1]}"
272,d4ec8631-0f0c-4ba8-b48b-b2386e688193,DemoExperiment,"{'date': '2020_01_09', 'time': '14_20_39', 'age': '29', 'gender': 'male', 'feedback': 'The instructions were clear. There were no technical difficulties.', 'initial_strategy': 'I chose the candidate who did better on the assessments.', 'final_strategy': 'I took into account the opinions of the two locals and the results of the tests.', 'instructions_duration': 535118, 'task_duration': 418448, 'engaging': '8', 'difficult': '0', 'pol_orient': '4', 'token': 'X3679EJWXI'}","{'rand_cond_order': [3, 2, 1], 'rand_res_stored': [[1, 0, 1], [1, 1, 1], [0, 1, 0]], 'prior_order': [[3, 2], [1, 4], [2, 3]], 'responses': ['64.99999999994', 11.020408163265307, '59.5454545454', 23.26530612244898, '40.45454545451', 35.51020408163265, '38.63636363633', 37.95918367346939, '13.18181818181', 96.73469387755102, '17.72727272726', 90.61224489795919, '59.5454545454', 35.51020408163265, '64.09090909085', 41.63265306122449], 'rand_pos_candidate': [1, 0]}"
273,4ee2dec9-d3ae-4a0a-9d59-38168d1b4d12,DemoExperiment,"{'date': '2020_01_09', 'time': '15_23_10', 'age': '30', 'gender': 'male', 'feedback': 'Good survey', 'initial_strategy': 'No strategy', 'final_strategy': 'No strategy', 'instructions_duration': 61285, 'task_duration': 144791, 'engaging': '9', 'difficult': '8', 'pol_orient': '7', 'token': '9W7PZNZHF9'}","{'rand_cond_order': [3, 1, 2], 'rand_res_stored': [[0, 0, 1], [1, 1, 0], [0, 0, 0]], 'prior_order': [[3, 2], [1, 4], [2, 3]], 'responses': ['64.99999999994', 11.020408163265307, '65.90909090903', 13.46938775510204, '66.81818181812', 22.040816326530614, '65.90909090903', 23.26530612244898, '42.27272727269', 9.795918367346939, '40.45454545451', 14.693877551020408, '56.81818181813', 15.918367346938776, '54.99999999995', 18.367346938775512], 'rand_pos_candidate': [0, 1]}"
274,3e9fbf82-bca7-435b-8c25-166eb54e974e,DemoExperiment,"{'date': '2020_01_09', 'time': '12_29_55', 'age': '61', 'gender': 'male', 'feedback': 'Interesting survey.', 'initial_strategy': 'no real strategy other than to bias in favor of the voting with a low level of confidence', 'final_strategy': 'used added info to adjust confidence and selection', 'instructions_duration': 413587, 'task_duration': 341273, 'engaging': '8', 'difficult': '4', 'pol_orient': '4', 'token': 'VR2E10SQZT'}","{'rand_cond_order': [1, 2, 3], 'rand_res_stored': [[0, 0, 1], [1, 1, 1], [1, 1, 0]], 'prior_order': [[3, 2], [1, 4], [2, 3]], 'responses': ['64.99999999994', 11.020408163265307, '73.18181818175', 23.26530612244898, '64.99999999994', 11.020408163265307, '64.99999999994', 12.244897959183675, '73.18181818175', 29.387755102040817, '77.7272727272', 41.63265306122449, '82.27272727265', 58.775510204081634, '86.8181818181', 71.0204081632653, '31.36363636361', 23.26530612244898, '25.90909090907', 42.85714285714286], 'rand_pos_candidate': [1, 0]}"
275,89b389b4-afac-44f9-8ae8-0411799a3698,DemoExperiment,"{'date': '2020_01_09', 'time': '12_38_37', 'age': '29', 'gender': 'male', 'feedback': 'THIS VERY LIKELY', 'initial_strategy': ""Don't Go in Unprepared. ...\nLearn to Dress for the Occasion. ...\nBe Punctual. \nLearn the Value of Nonverbal Communication.\nDo Your Research..."", 'final_strategy': 'Create a job description listing the essential skills and experience. \nUse the job description as a roadmap for creating questions.\nWrite out your questions beforehand. \nTake notes during the interview...', 'instructions_duration': 743111, 'task_duration': 384645, 'engaging': '9', 'difficult': '8', 'pol_orient': '6', 'token': 'WDI3TOCZB3'}","{'rand_cond_order': [3, 1, 2], 'rand_res_stored': [[0, 0, 1], [0, 1, 1], [0, 0, 0]], 'prior_order': [[3, 2], [1, 4], [2, 3]], 'responses': ['64.99999999994', 11.020408163265307, '67.72727272721', 34.285714285714285, '64.99999999994', 11.020408163265307, '64.99999999994', 12.244897959183675, '64.99999999994', 11.020408163265307, '64.99999999994', 12.244897959183675, '54.99999999995', 12.244897959183675, '64.09090909085', 40.40816326530612, '61.36363636358', 15.918367346938776, '63.18181818176', 20.816326530612244, '59.5454545454', 18.367346938775512, '62.27272727267', 26.93877551020408], 'rand_pos_candidate': [0, 1]}"
276,ba74f36f-8f06-42b0-8c0d-7b5e3014352f,DemoExperiment,"{'date': '2020_01_09', 'time': '14_41_35', 'age': '32', 'gender': 'male', 'feedback': 'It is a very interesting political survey. The instructions are well written and clear. The survey has good scenarios that I could easily imagine as if I was the consultant. Well done. Great use of words, images, colors, graphs and sliders. ""Words are tokens of power, use them wisely"". You used words wisely. ', 'initial_strategy': 'I typically leaned towards the candidate that did better on the ""three additional tests"".', 'final_strategy': 'The interviewing of the two likely voters was very important. Whether they attended the town hall or the debate also was a weighted factor. Town Halls tend to give a likely voter a better understanding of the candidates positions on issues since the questions come directly from the audience (voters) and not the News Agency Interviewers during Formal Televised Debates. I also considered whether the voters had gone together and saw the same debate or town hall. This would bring equity to their answers during my interview since both heard the same issues. Debates and Town Halls had difference issues presented so I took that into consideration.', 'instructions_duration': 867910, 'task_duration': 920004, 'engaging': '9', 'difficult': '3', 'pol_orient': '4', 'token': 'XUXGNFC7LZ'}","{'rand_cond_order': [3, 1, 2], 'rand_res_stored': [[1, 0, 1], [1, 0, 0], [1, 1, 1]], 'prior_order': [[3, 2], [1, 4], [2, 3]], 'responses': ['64.99999999994', 11.020408163265307, '64.09090909085', 23.26530612244898, '64.99999999994', 11.020408163265307, '64.99999999994', 12.244897959183675, '33.18181818179', 35.51020408163265, '55.90909090904', 35.51020408163265, '59.5454545454', 29.387755102040817, '54.99999999995', 23.26530612244898, '16.81818181817', 84.48979591836735, '17.72727272726', 84.48979591836735], 'rand_pos_candidate': [1, 0]}"
277,34a37103-d0b2-4b1f-8332-074bdb389ac9,DemoExperiment,"{'date': '2020_01_09', 'time': '15_43_20', 'age': '41', 'gender': 'male', 'feedback': 'No', 'initial_strategy': 'I used the results of the three tests to make my initial recommendation. It was fairly simple.', 'final_strategy': 'The interview of the two voters helped me to refine the final recommendation. I also use my gut feeling.', 'instructions_duration': 1607909, 'task_duration': 1115166, 'engaging': '9', 'difficult': '5', 'pol_orient': '3', 'token': 'O65ZI2ERHW'}","{'rand_cond_order': [2, 3, 1], 'rand_res_stored': [[1, 1, 1], [1, 1, 0], [0, 0, 1]], 'prior_order': [[3, 2], [1, 4], [2, 3]], 'responses': ['64.99999999994', 11.020408163265307, '74.09090909084', 47.755102040816325, '64.99999999994', 11.020408163265307, '64.99999999994', 12.244897959183675, '12.27272727272', 108.9795918367347, '15.90909090908', 102.85714285714286, '35.90909090906', 53.87755102040816, '40.45454545451', 23.26530612244898, '63.18181818176', 35.51020408163265, '61.36363636358', 45.30612244897959], 'rand_pos_candidate': [1, 0]}"
278,4921fb22-b4f5-4e76-a658-bca453acba78,DemoExperiment,"{'date': '2020_01_09', 'time': '13_43_55', 'age': '30', 'gender': 'male', 'feedback': 'No comments', 'initial_strategy': 'Test scores with low confidence until I got to interview locals', 'final_strategy': 'I heavily weighted the locals opinion as it was the most important', 'instructions_duration': 242541, 'task_duration': 157999, 'engaging': '10', 'difficult': '4', 'pol_orient': '3', 'token': '6QFFECIHNE'}","{'rand_cond_order': [1, 2, 3], 'rand_res_stored': [[0, 1, 1], [0, 0, 0], [0, 0, 1]], 'prior_order': [[3, 2], [1, 4], [2, 3]], 'responses': ['64.99999999994', 11.020408163265307, '68.6363636363', 47.755102040816325, '64.99999999994', 11.020408163265307, '64.99999999994', 12.244897959183675, '59.5454545454', 17.142857142857142, '54.99999999995', 13.46938775510204, '77.7272727272', 35.51020408163265, '44.99999999996', 25.714285714285715, '40.45454545451', 11.020408163265307, '44.99999999996', 8.571428571428571], 'rand_pos_candidate': [0, 1]}"
279,ccea6158-2f43-4ad2-aa51-30f3ba5f341d,DemoExperiment,"{'date': '2020_01_09', 'time': '14_51_29', 'age': '39', 'gender': 'male', 'feedback': 'none', 'initial_strategy': 'I mainly decided to use the initial test results as a guide when deciding on my choice.', 'final_strategy': 'I utilized the information from the two voters, along with my own assessment, in order to make my final decision.', 'instructions_duration': 1049601, 'task_duration': 534700, 'engaging': '9', 'difficult': '0', 'pol_orient': '4', 'token': 'KAD9CO8I8R'}","{'rand_cond_order': [1, 3, 2], 'rand_res_stored': [[1, 0, 0], [1, 1, 0], [1, 1, 1]], 'prior_order': [[3, 2], [1, 4], [2, 3]], 'responses': ['64.99999999994', 11.020408163265307, '59.5454545454', 23.26530612244898, '64.99999999994', 11.020408163265307, '64.99999999994', 12.244897959183675, '62.27272727267', 23.26530612244898, '59.5454545454', 29.387755102040817, '26.81818181816', 47.755102040816325, '40.45454545451', 35.51020408163265, '17.72727272726', 90.61224489795919, '26.81818181816', 78.36734693877551], 'rand_pos_candidate': [1, 0]}"
282,2a89aa46-24d2-4652-8fcb-0f87b82a55f8,DemoExperiment,"{'date': '2020_01_09', 'time': '16_52_26', 'age': '26', 'gender': 'male', 'feedback': 'I think this was a fun experiment.', 'initial_strategy': 'I went with my gut most of the time.', 'final_strategy': ""I tried to focus on my gut but also take in other's considerations."", 'instructions_duration': 863599, 'task_duration': 185684, 'engaging': '10', 'difficult': '2', 'pol_orient': '5', 'token': 'P94Z82CO2B'}","{'rand_cond_order': [1, 2, 3], 'rand_res_stored': [[1, 0, 0], [1, 1, 1], [1, 0, 1]], 'prior_order': [[3, 2], [1, 4], [2, 3]], 'responses': ['64.99999999994', 11.020408163265307, '61.36363636358', 24.48979591836735, '64.99999999994', 11.020408163265307, '64.99999999994', 12.244897959183675, '64.99999999994', 11.020408163265307, '64.99999999994', 12.244897959183675, '64.99999999994', 11.020408163265307, '64.99999999994', 12.244897959183675, '74.99999999993', 15.918367346938776, '74.99999999993', 34.285714285714285, '16.81818181817', 45.30612244897959, '25.90909090907', 36.734693877551024, '50.4545454545', 0, '64.99999999994', 40.40816326530612], 'rand_pos_candidate': [1, 0]}"
283,88552b5a-26b5-4b78-8be0-9a8a5fd7c28f,DemoExperiment,"{'date': '2020_01_09', 'time': '18_03_48', 'age': '37', 'gender': 'male', 'feedback': 'None', 'initial_strategy': 'I looked at who got more correct on the tests.', 'final_strategy': 'I factored in the two peoples picks with the tests and who did best', 'instructions_duration': 319902, 'task_duration': 300949, 'engaging': '10', 'difficult': '2', 'pol_orient': '3', 'token': 'PZ8M2PWNWM'}","{'rand_cond_order': [3, 2, 1], 'rand_res_stored': [[0, 0, 1], [0, 0, 0], [1, 1, 0]], 'prior_order': [[3, 2], [1, 4], [2, 3]], 'responses': ['64.99999999994', 11.020408163265307, '77.7272727272', 90.61224489795919, '35.90909090906', 26.93877551020408, '34.99999999997', 44.08163265306123, '21.36363636362', 66.12244897959184, '20.45454545453', 73.46938775510205, '67.72727272721', 35.51020408163265, '70.45454545448', 41.63265306122449], 'rand_pos_candidate': [0, 1]}"
280,a41bf7a0-43c7-4942-8699-b9470d2ee5e8,DemoExperiment,"{'date': '2020_01_09', 'time': '16_41_38', 'age': '31', 'gender': 'male', 'feedback': 'Good', 'initial_strategy': 'No', 'final_strategy': 'Good', 'instructions_duration': 729384, 'task_duration': 152414, 'engaging': '8', 'difficult': '8', 'pol_orient': '7', 'token': 'YL3U4XQU7M'}","{'rand_cond_order': [1, 3, 2], 'rand_res_stored': [[0, 0, 1], [1, 1, 0], [1, 1, 1]], 'prior_order': [[3, 2], [1, 4], [2, 3]], 'responses': ['64.99999999994', 11.020408163265307, '64.99999999994', 11.020408163265307, '64.99999999994', 11.020408163265307, '64.99999999994', 12.244897959183675, '64.99999999994', 11.020408163265307, '64.99999999994', 12.244897959183675, '64.99999999994', 11.020408163265307, '64.99999999994', 12.244897959183675, '64.99999999994', 11.020408163265307, '64.99999999994', 12.244897959183675, '64.99999999994', 11.020408163265307, '64.99999999994', 12.244897959183675, '64.99999999994', 11.020408163265307, '64.99999999994', 12.244897959183675, '64.99999999994', 11.020408163265307, '64.99999999994', 12.244897959183675, '64.99999999994', 11.020408163265307, '64.99999999994', 12.244897959183675, '64.99999999994', 11.020408163265307, '64.99999999994', 12.244897959183675, '64.99999999994', 11.020408163265307, '64.99999999994', 12.244897959183675, '64.99999999994', 11.020408163265307, '64.99999999994', 12.244897959183675, '64.99999999994', 11.020408163265307, '64.99999999994', 12.244897959183675, '64.99999999994', 11.020408163265307, '64.99999999994', 12.244897959183675, '64.99999999994', 11.020408163265307, '64.99999999994', 12.244897959183675, '64.99999999994', 11.020408163265307, '64.99999999994', 12.244897959183675, '64.99999999994', 11.020408163265307, '64.99999999994', 12.244897959183675, '64.99999999994', 11.020408163265307, '64.99999999994', 12.244897959183675, '64.99999999994', 11.020408163265307, '64.99999999994', 12.244897959183675, '64.99999999994', 11.020408163265307, '64.99999999994', 12.244897959183675, '64.99999999994', 40.40816326530612, '61.36363636358', 45.30612244897959, '67.72727272721', 36.734693877551024, '64.09090909085', 41.63265306122449, '61.36363636358', 45.30612244897959, '63.18181818176', 42.85714285714286], 'rand_pos_candidate': [1, 0]}"
245,7c294012-1628-402e-9439-0028a0b5124e,DemoExperiment,"{'date': '2020_01_09', 'time': '11_24_25', 'age': '47', 'gender': 'female', 'feedback': 'No', 'initial_strategy': 'I try and check the precedent', 'final_strategy': ""I infuse the local's judgement"", 'instructions_duration': 301778, 'task_duration': 163933, 'engaging': '9', 'difficult': '2', 'pol_orient': '6', 'token': '8E359SBVT0'}","{'rand_cond_order': [1, 2, 3], 'rand_res_stored': [[0, 1, 0], [1, 1, 1], [1, 0, 1]], 'prior_order': [[3, 2], [1, 4], [2, 3]], 'responses': ['64.99999999994', 11.020408163265307, '78.63636363629', 73.46938775510205, '81.36363636356', 83.26530612244898, '74.09090909084', 72.24489795918367, '15.90909090908', 110.20408163265306, '21.36363636362', 107.75510204081633, '34.09090909088', 64.89795918367346, '24.09090909089', 78.36734693877551], 'rand_pos_candidate': [1, 0]}"
266,85f06fd4-c4c9-40fd-8c18-6ff8f0a4b4c8,DemoExperiment,"{'date': '2020_01_09', 'time': '14_56_36', 'age': '32', 'gender': 'male', 'feedback': 'good ', 'initial_strategy': 'yes i think this is good decision', 'final_strategy': 'yes this is best ', 'instructions_duration': 618335, 'task_duration': 531366, 'engaging': '7', 'difficult': '7', 'pol_orient': '2', 'token': 'B79REMLFVZ'}","{'rand_cond_order': [3, 1, 2], 'rand_res_stored': [[1, 0, 1], [0, 0, 1], [1, 1, 1]], 'prior_order': [[3, 2], [1, 4], [2, 3]], 'responses': ['64.99999999994', 11.020408163265307, '64.99999999994', 72.24489795918367, '79.54545454538', 78.36734693877551, '64.09090909085', 51.42857142857143, '78.63636363629', 84.48979591836735, '66.81818181812', 77.14285714285714, '73.18181818175', 100.40816326530613, '80.45454545447', 89.38775510204081], 'rand_pos_candidate': [1, 0]}"
281,d793f7e3-d2a4-48b4-8461-abdd5565953a,DemoExperiment,"{'date': '2020_01_09', 'time': '16_49_03', 'age': '50', 'gender': 'female', 'feedback': 'Interesting!', 'initial_strategy': 'Sway toward the opinion/rating of the citizens.', 'final_strategy': 'Candidate with best ratting.', 'instructions_duration': 3111484, 'task_duration': 387362, 'engaging': '8', 'difficult': '3', 'pol_orient': '3', 'token': '56AYLWOOD2'}","{'rand_cond_order': [2, 1, 3], 'rand_res_stored': [[1, 1, 1], [1, 0, 0], [1, 1, 0]], 'prior_order': [[3, 2], [1, 4], [2, 3]], 'responses': ['64.99999999994', 11.020408163265307, '68.6363636363', 72.24489795918367, '23.1818181818', 83.26530612244898, '48.63636363632', 29.387755102040817, '64.09090909085', 11.020408163265307, '63.18181818176', 13.46938775510204, '36.81818181815', 28.16326530612245, '33.18181818179', 36.734693877551024], 'rand_pos_candidate': [1, 0]}"